1.574625	1.536632	1.509240	1.511788	1.506291	1.544008	1.574541	1.603094	1.544532	1.534427	1.511647	1.535474	1.519184	1.488280	1.487425	1.551288	1.576536	1.607322	1.624675	1.635903	1.655976	1.662987	1.618812	1.577856	1.543708	1.655106	1.660265	1.673700	1.580040	1.554371	1.570076	1.539749	1.595513	1.683647	1.789615	1.827154	1.828178	1.796634	1.782517	1.769295	1.755847	1.808832	1.812914	1.831741	1.817566	1.741029	1.754403	1.744369	1.733310	1.700032	1.688835	1.674627	1.659638	1.661946	1.634718	1.666894	1.625456	1.693515	1.669362	1.666600	1.641837	1.556466	1.179049	1.155427	1.121640	1.053832	0.937140	0.973178	1.028687	1.006067	0.979252	0.984702	0.965312	0.975199	0.939425	0.946589	0.912504	0.899060	0.825475	0.796609	0.742667	0.709862	0.666397	0.610800	0.570072	0.518996	0.483756	0.437094	0.231645	0.175444	0.134036	0.104306	0.103691	0.129044	0.099916	0.074371	0.051099	0.038450	0.024742	0.016480
1.536632	1.499555	1.472824	1.475311	1.469947	1.506754	1.536549	1.564414	1.507265	1.497404	1.475173	1.498426	1.482528	1.452370	1.451535	1.513857	1.538497	1.568540	1.585474	1.596431	1.616020	1.622862	1.579753	1.539785	1.506461	1.615170	1.620205	1.633316	1.541916	1.516866	1.532193	1.502597	1.557015	1.643023	1.746434	1.783067	1.784067	1.753284	1.739507	1.726604	1.713481	1.765188	1.769171	1.787544	1.773711	1.699020	1.712071	1.702280	1.691488	1.659013	1.648086	1.634221	1.619593	1.621846	1.595275	1.626674	1.586236	1.652653	1.629083	1.626388	1.602222	1.518910	1.150600	1.127548	1.094576	1.028405	0.914529	0.949697	1.003866	0.981793	0.955624	0.960943	0.942020	0.951669	0.916758	0.923749	0.890487	0.877367	0.805557	0.777388	0.724748	0.692734	0.650318	0.596062	0.556317	0.506473	0.472084	0.426547	0.226056	0.171211	0.130802	0.101789	0.101190	0.125930	0.097505	0.072577	0.049866	0.037522	0.024145	0.016083
1.509240	1.472824	1.446569	1.449012	1.443743	1.479894	1.509159	1.536527	1.480396	1.470711	1.448877	1.471715	1.456101	1.426480	1.425660	1.486871	1.511071	1.540579	1.557211	1.567973	1.587212	1.593932	1.551592	1.512336	1.479607	1.586378	1.591323	1.604201	1.514429	1.489826	1.504880	1.475811	1.529260	1.613734	1.715302	1.751282	1.752264	1.722030	1.708499	1.695826	1.682936	1.733721	1.737634	1.755679	1.742093	1.668733	1.681552	1.671935	1.661335	1.629439	1.618707	1.605089	1.590722	1.592934	1.566838	1.597677	1.557960	1.623193	1.600043	1.597396	1.573661	1.491834	1.130090	1.107448	1.075064	1.010072	0.898226	0.932768	0.985971	0.964291	0.938589	0.943813	0.925228	0.934705	0.900416	0.907282	0.874613	0.861727	0.791197	0.763530	0.711828	0.680386	0.638725	0.585437	0.546400	0.497445	0.463668	0.418944	0.222026	0.168159	0.128470	0.099975	0.099386	0.123685	0.095767	0.071283	0.048977	0.036853	0.023714	0.015796
1.511788	1.475311	1.449012	1.451459	1.446182	1.482393	1.511707	1.539122	1.482896	1.473195	1.451324	1.474200	1.458560	1.428889	1.428068	1.489382	1.513623	1.543181	1.559841	1.570621	1.589893	1.596624	1.554212	1.514891	1.482105	1.589058	1.594011	1.606910	1.516987	1.492342	1.507421	1.478304	1.531843	1.616460	1.718199	1.754240	1.755223	1.724938	1.711384	1.698690	1.685779	1.736649	1.740568	1.758644	1.745035	1.671551	1.684392	1.674759	1.664141	1.632191	1.621441	1.607800	1.593409	1.595625	1.569484	1.600375	1.560591	1.625934	1.602745	1.600093	1.576319	1.494354	1.131998	1.109318	1.076880	1.011778	0.899743	0.934343	0.987636	0.965920	0.940174	0.945407	0.926790	0.936283	0.901937	0.908814	0.876090	0.863183	0.792534	0.764819	0.713030	0.681535	0.639804	0.586425	0.547323	0.498285	0.464452	0.419651	0.222401	0.168443	0.128687	0.100144	0.099554	0.123894	0.095928	0.071403	0.049060	0.036915	0.023754	0.015823
1.506291	1.469947	1.443743	1.446182	1.440923	1.477003	1.506211	1.533525	1.477504	1.467838	1.446046	1.468840	1.453256	1.423693	1.422875	1.483967	1.508120	1.537570	1.554169	1.564910	1.584112	1.590819	1.548561	1.509382	1.476716	1.583280	1.588215	1.601067	1.511471	1.486916	1.501940	1.472929	1.526273	1.610582	1.711951	1.747861	1.748841	1.718666	1.705161	1.692513	1.679649	1.730335	1.734240	1.752249	1.738690	1.665474	1.678267	1.668669	1.658090	1.626256	1.615545	1.601954	1.587615	1.589823	1.563777	1.594556	1.554917	1.620022	1.596918	1.594275	1.570587	1.488920	1.127882	1.105285	1.072964	1.008099	0.896472	0.930946	0.984045	0.962407	0.936756	0.941970	0.923420	0.932879	0.898657	0.905510	0.872905	0.860044	0.789652	0.762038	0.710438	0.679057	0.637478	0.584293	0.545332	0.496473	0.462763	0.418125	0.221593	0.167830	0.128219	0.099779	0.099192	0.123444	0.095580	0.071144	0.048882	0.036781	0.023668	0.015765
1.544008	1.506754	1.479894	1.482393	1.477003	1.513987	1.543925	1.571924	1.514500	1.504592	1.482255	1.505619	1.489645	1.459342	1.458503	1.521124	1.545882	1.576069	1.593085	1.604095	1.623777	1.630652	1.587336	1.547176	1.513693	1.622924	1.627983	1.641157	1.549318	1.524148	1.539548	1.509810	1.564490	1.650910	1.754818	1.791627	1.792631	1.761701	1.747858	1.734893	1.721706	1.773661	1.777664	1.796125	1.782226	1.707176	1.720290	1.710452	1.699608	1.666977	1.655998	1.642066	1.627368	1.629631	1.602933	1.634483	1.593851	1.660587	1.636904	1.634195	1.609914	1.526202	1.156124	1.132961	1.099831	1.033342	0.918919	0.954256	1.008685	0.986506	0.960211	0.965556	0.946542	0.956238	0.921159	0.928183	0.894762	0.881579	0.809424	0.781119	0.728227	0.696060	0.653440	0.598924	0.558987	0.508904	0.474350	0.428595	0.227141	0.172033	0.131430	0.102278	0.101675	0.126534	0.097973	0.072925	0.050106	0.037702	0.024261	0.016160
1.574541	1.536549	1.509159	1.511707	1.506211	1.543925	1.574456	1.603008	1.544449	1.534345	1.511566	1.535392	1.519103	1.488200	1.487345	1.551204	1.576452	1.607236	1.624588	1.635815	1.655887	1.662898	1.618726	1.577771	1.543626	1.655017	1.660176	1.673610	1.579955	1.554287	1.569992	1.539666	1.595427	1.683556	1.789519	1.827056	1.828080	1.796538	1.782421	1.769200	1.755753	1.808735	1.812817	1.831643	1.817469	1.740935	1.754308	1.744276	1.733217	1.699941	1.688745	1.674537	1.659549	1.661857	1.634631	1.666804	1.625369	1.693424	1.669273	1.666511	1.641749	1.556382	1.178986	1.155365	1.121580	1.053776	0.937090	0.973126	1.028632	1.006014	0.979199	0.984650	0.965260	0.975147	0.939375	0.946538	0.912455	0.899012	0.825431	0.796566	0.742627	0.709824	0.666361	0.610767	0.570041	0.518968	0.483730	0.437070	0.231633	0.175435	0.134029	0.104300	0.103686	0.129037	0.099910	0.074367	0.051096	0.038447	0.024741	0.016480
1.603094	1.564414	1.536527	1.539122	1.533525	1.571924	1.603008	1.632078	1.572457	1.562169	1.538978	1.563236	1.546651	1.515188	1.514317	1.579335	1.605040	1.636382	1.654049	1.665480	1.685916	1.693054	1.648080	1.606384	1.571619	1.685030	1.690282	1.703961	1.608607	1.582474	1.598463	1.567587	1.624360	1.714087	1.821971	1.860189	1.861232	1.829117	1.814745	1.801284	1.787593	1.841536	1.845692	1.864859	1.850428	1.772506	1.786122	1.775908	1.764648	1.730769	1.719369	1.704904	1.689644	1.691994	1.664274	1.697031	1.654844	1.724134	1.699545	1.696732	1.671522	1.584607	1.200366	1.176317	1.141919	1.072885	0.954084	0.990773	1.047286	1.024257	0.996957	1.002506	0.982765	0.992831	0.956410	0.963703	0.929002	0.915315	0.840399	0.811011	0.756094	0.722697	0.678446	0.621843	0.580379	0.528379	0.492502	0.444997	0.235834	0.178616	0.136459	0.106192	0.105566	0.131377	0.101722	0.075716	0.052023	0.039145	0.025189	0.016778
1.544532	1.507265	1.480396	1.482896	1.477504	1.514500	1.544449	1.572457	1.515014	1.505102	1.482757	1.506129	1.490150	1.459837	1.458998	1.521640	1.546407	1.576604	1.593625	1.604639	1.624328	1.631205	1.587875	1.547701	1.514206	1.623475	1.628535	1.641714	1.549843	1.524665	1.540070	1.510322	1.565021	1.651470	1.755413	1.792235	1.793239	1.762298	1.748451	1.735481	1.722290	1.774263	1.778267	1.796734	1.782830	1.707755	1.720874	1.711032	1.700184	1.667542	1.656560	1.642623	1.627920	1.630184	1.603477	1.635037	1.594391	1.661150	1.637459	1.634749	1.610460	1.526720	1.156516	1.133345	1.100204	1.033692	0.919230	0.954580	1.009027	0.986840	0.960537	0.965883	0.946863	0.956562	0.921472	0.928498	0.895065	0.881878	0.809699	0.781384	0.728474	0.696296	0.653662	0.599127	0.559177	0.509077	0.474511	0.428740	0.227218	0.172091	0.131474	0.102313	0.101710	0.126577	0.098006	0.072950	0.050123	0.037715	0.024269	0.016166
1.534427	1.497404	1.470711	1.473195	1.467838	1.504592	1.534345	1.562169	1.505102	1.495255	1.473057	1.496276	1.480401	1.450286	1.449453	1.511685	1.536289	1.566289	1.583199	1.594141	1.613701	1.620533	1.577486	1.537576	1.504299	1.612853	1.617880	1.630973	1.539703	1.514690	1.529994	1.500441	1.554782	1.640665	1.743928	1.780509	1.781507	1.750769	1.737012	1.724127	1.711023	1.762655	1.766633	1.784979	1.771166	1.696582	1.709615	1.699838	1.689061	1.656633	1.645722	1.631876	1.617269	1.619519	1.592986	1.624340	1.583960	1.650282	1.626746	1.624054	1.599923	1.516731	1.148950	1.125930	1.093006	1.026929	0.913217	0.948334	1.002426	0.980384	0.954253	0.959564	0.940669	0.950304	0.915443	0.922423	0.889209	0.876109	0.804402	0.776272	0.723708	0.691740	0.649385	0.595207	0.555519	0.505746	0.471407	0.425935	0.225732	0.170965	0.130614	0.101643	0.101044	0.125749	0.097365	0.072473	0.049795	0.037468	0.024110	0.016060
1.511647	1.475173	1.448877	1.451324	1.446046	1.482255	1.511566	1.538978	1.482757	1.473057	1.451188	1.474062	1.458423	1.428755	1.427934	1.489243	1.513482	1.543036	1.559695	1.570474	1.589744	1.596475	1.554067	1.514749	1.481967	1.588909	1.593862	1.606759	1.516845	1.492203	1.507280	1.478166	1.531699	1.616308	1.718038	1.754076	1.755059	1.724777	1.711224	1.698531	1.685621	1.736487	1.740406	1.758479	1.744872	1.671395	1.684234	1.674602	1.663985	1.632038	1.621289	1.607649	1.593259	1.595475	1.569337	1.600225	1.560445	1.625782	1.602595	1.599944	1.576171	1.494214	1.131892	1.109215	1.076779	1.011683	0.899659	0.934255	0.987544	0.965829	0.940086	0.945319	0.926704	0.936196	0.901853	0.908729	0.876008	0.863102	0.792459	0.764748	0.712964	0.681471	0.639744	0.586371	0.547271	0.498238	0.464408	0.419612	0.222381	0.168427	0.128675	0.100134	0.099544	0.123882	0.095919	0.071397	0.049055	0.036912	0.023752	0.015821
1.535474	1.498426	1.471715	1.474200	1.468840	1.505619	1.535392	1.563236	1.506129	1.496276	1.474062	1.497297	1.481412	1.451276	1.450442	1.512717	1.537338	1.567358	1.584280	1.595229	1.614802	1.621639	1.578563	1.538625	1.505326	1.613954	1.618985	1.632086	1.540754	1.515724	1.531039	1.501465	1.555843	1.641785	1.745119	1.781725	1.782723	1.751964	1.738197	1.725304	1.712191	1.763858	1.767839	1.786197	1.772375	1.697740	1.710782	1.700998	1.690214	1.657763	1.646845	1.632990	1.618373	1.620624	1.594074	1.625449	1.585042	1.651408	1.627856	1.625163	1.601016	1.517767	1.149734	1.126699	1.093752	1.027630	0.913840	0.948982	1.003110	0.981053	0.954904	0.960219	0.941311	0.950952	0.916068	0.923053	0.889816	0.876707	0.804951	0.776802	0.724202	0.692213	0.649828	0.595613	0.555898	0.506092	0.471728	0.426226	0.225886	0.171082	0.130703	0.101713	0.101113	0.125835	0.097431	0.072522	0.049829	0.037494	0.024127	0.016071
1.519184	1.482528	1.456101	1.458560	1.453256	1.489645	1.519103	1.546651	1.490150	1.480401	1.458423	1.481412	1.465695	1.435879	1.435054	1.496668	1.521028	1.550730	1.567471	1.578305	1.597670	1.604435	1.561815	1.522301	1.489356	1.596831	1.601808	1.614771	1.524408	1.499643	1.514795	1.485536	1.539336	1.624367	1.726604	1.762822	1.763810	1.733376	1.719756	1.707000	1.694025	1.745145	1.749083	1.767247	1.753572	1.679729	1.692632	1.682952	1.672282	1.640176	1.629373	1.615665	1.601203	1.603430	1.577162	1.608204	1.568225	1.633888	1.610586	1.607921	1.584030	1.501664	1.137536	1.114745	1.082148	1.016728	0.904145	0.938914	0.992468	0.970645	0.944773	0.950032	0.931324	0.940863	0.906349	0.913260	0.880376	0.867405	0.796411	0.768561	0.716518	0.684869	0.642934	0.589294	0.550000	0.500722	0.466724	0.421704	0.223489	0.169267	0.129317	0.100633	0.100041	0.124500	0.096398	0.071753	0.049300	0.037096	0.023871	0.015900
1.488280	1.452370	1.426480	1.428889	1.423693	1.459342	1.488200	1.515188	1.459837	1.450286	1.428755	1.451276	1.435879	1.406670	1.405861	1.466222	1.490086	1.519184	1.535585	1.546198	1.565170	1.571796	1.530044	1.491334	1.459059	1.564347	1.569224	1.581922	1.493398	1.469136	1.483981	1.455316	1.508022	1.591323	1.691481	1.726961	1.727929	1.698115	1.684772	1.672275	1.659564	1.709644	1.713502	1.731297	1.717900	1.645559	1.658199	1.648716	1.638263	1.606810	1.596227	1.582798	1.568631	1.570812	1.545078	1.575489	1.536324	1.600651	1.577822	1.575212	1.551807	1.471116	1.114396	1.092068	1.060134	0.996045	0.885752	0.919814	0.972279	0.950899	0.925554	0.930706	0.912379	0.921724	0.887912	0.894682	0.862467	0.849760	0.780210	0.752926	0.701943	0.670937	0.629855	0.577306	0.538812	0.490536	0.457229	0.413126	0.218943	0.165824	0.126686	0.098586	0.098005	0.121967	0.094437	0.070293	0.048297	0.036341	0.023385	0.015577
1.487425	1.451535	1.425660	1.428068	1.422875	1.458503	1.487345	1.514317	1.458998	1.449453	1.427934	1.450442	1.435054	1.405861	1.405053	1.465380	1.489230	1.518311	1.534703	1.545309	1.564270	1.570893	1.529165	1.490477	1.458220	1.563448	1.568322	1.581013	1.492539	1.468292	1.483128	1.454480	1.507156	1.590409	1.690508	1.725969	1.726936	1.697139	1.683804	1.671314	1.658611	1.708662	1.712518	1.730302	1.716912	1.644613	1.657246	1.647769	1.637322	1.605887	1.595310	1.581889	1.567729	1.569910	1.544190	1.574584	1.535441	1.599731	1.576916	1.574306	1.550915	1.470271	1.113755	1.091441	1.059525	0.995472	0.885243	0.919285	0.971720	0.950353	0.925022	0.930171	0.911854	0.921194	0.887401	0.894168	0.861971	0.849272	0.779761	0.752494	0.701539	0.670551	0.629493	0.576975	0.538502	0.490255	0.456966	0.412888	0.218817	0.165728	0.126613	0.098530	0.097949	0.121897	0.094382	0.070253	0.048269	0.036320	0.023372	0.015568
1.551288	1.513857	1.486871	1.489382	1.483967	1.521124	1.551204	1.579335	1.521640	1.511685	1.489243	1.512717	1.496668	1.466222	1.465380	1.528296	1.553170	1.583500	1.600595	1.611657	1.631433	1.638340	1.594820	1.554471	1.520829	1.630575	1.635658	1.648894	1.556622	1.531333	1.546806	1.516928	1.571866	1.658693	1.763091	1.800074	1.801083	1.770006	1.756098	1.743072	1.729824	1.782023	1.786045	1.804593	1.790628	1.715225	1.728401	1.718516	1.707621	1.674836	1.663805	1.649808	1.635040	1.637314	1.610490	1.642189	1.601365	1.668416	1.644621	1.641900	1.617504	1.533397	1.161575	1.138302	1.105016	1.038213	0.923251	0.958755	1.013441	0.991157	0.964738	0.970108	0.951005	0.960746	0.925502	0.932559	0.898980	0.885736	0.813241	0.784802	0.731660	0.699341	0.656521	0.601747	0.561623	0.511304	0.476586	0.430616	0.228212	0.172844	0.132049	0.102760	0.102155	0.127131	0.098435	0.073269	0.050342	0.037880	0.024375	0.016236
1.576536	1.538497	1.511071	1.513623	1.508120	1.545882	1.576452	1.605040	1.546407	1.536289	1.513482	1.537338	1.521028	1.490086	1.489230	1.553170	1.578450	1.609273	1.626647	1.637889	1.657986	1.665005	1.620777	1.579771	1.545582	1.657115	1.662280	1.675732	1.581957	1.556257	1.571982	1.541618	1.597449	1.685690	1.791787	1.829372	1.830397	1.798815	1.784680	1.771442	1.757978	1.811027	1.815115	1.833964	1.819772	1.743142	1.756532	1.746487	1.735414	1.702096	1.690885	1.676660	1.661652	1.663963	1.636703	1.668917	1.627429	1.695571	1.671389	1.668623	1.643830	1.558355	1.180480	1.156829	1.123001	1.055111	0.938278	0.974359	1.029936	1.007289	0.980440	0.985898	0.966483	0.976383	0.940566	0.947738	0.913612	0.900152	0.826477	0.797576	0.743568	0.710724	0.667206	0.611541	0.570764	0.519626	0.484343	0.437624	0.231927	0.175657	0.134199	0.104433	0.103817	0.129200	0.100037	0.074461	0.051161	0.038496	0.024772	0.016500
1.607322	1.568540	1.540579	1.543181	1.537570	1.576069	1.607236	1.636382	1.576604	1.566289	1.543036	1.567358	1.550730	1.519184	1.518311	1.583500	1.609273	1.640698	1.658411	1.669873	1.690362	1.697519	1.652427	1.610620	1.575763	1.689474	1.694740	1.708454	1.612849	1.586647	1.602679	1.571721	1.628644	1.718608	1.826776	1.865095	1.866140	1.833941	1.819531	1.806034	1.792307	1.846392	1.850559	1.869777	1.855308	1.777181	1.790833	1.780591	1.769302	1.735333	1.723904	1.709401	1.694100	1.696456	1.668663	1.701507	1.659209	1.728681	1.704027	1.701207	1.675930	1.588786	1.203532	1.179419	1.144931	1.075715	0.956600	0.993386	1.050048	1.026958	0.999586	1.005150	0.985357	0.995449	0.958933	0.966245	0.931452	0.917729	0.842616	0.813150	0.758088	0.724603	0.680235	0.623483	0.581909	0.529773	0.493801	0.446170	0.236455	0.179087	0.136819	0.106472	0.105845	0.131723	0.101990	0.075916	0.052160	0.039248	0.025256	0.016823
1.624675	1.585474	1.557211	1.559841	1.554169	1.593085	1.624588	1.654049	1.593625	1.583199	1.559695	1.584280	1.567471	1.535585	1.534703	1.600595	1.626647	1.658411	1.676315	1.687901	1.708611	1.715845	1.670266	1.628008	1.592775	1.707713	1.713037	1.726899	1.630261	1.603777	1.619981	1.588690	1.646226	1.737162	1.846498	1.885230	1.886287	1.853741	1.839174	1.825532	1.811657	1.866326	1.870538	1.889963	1.875338	1.796367	1.810166	1.799814	1.788403	1.754068	1.742515	1.727855	1.712389	1.714771	1.686678	1.719876	1.677121	1.747344	1.722423	1.719573	1.694023	1.605938	1.216525	1.192152	1.157291	1.087328	0.966928	1.004111	1.061384	1.038045	1.010377	1.016001	0.995994	1.006196	0.969285	0.976676	0.941508	0.927637	0.851713	0.821929	0.766273	0.732425	0.687579	0.630214	0.588192	0.535492	0.499132	0.450987	0.239008	0.181021	0.138296	0.107621	0.106987	0.133145	0.103091	0.076735	0.052723	0.039672	0.025528	0.017004
1.635903	1.596431	1.567973	1.570621	1.564910	1.604095	1.635815	1.665480	1.604639	1.594141	1.570474	1.595229	1.578305	1.546198	1.545309	1.611657	1.637889	1.669873	1.687901	1.699566	1.720420	1.727704	1.681810	1.639260	1.603783	1.719516	1.724876	1.738834	1.641529	1.614861	1.631177	1.599670	1.657604	1.749167	1.859259	1.898260	1.899324	1.866552	1.851885	1.838149	1.824178	1.879225	1.883465	1.903025	1.888299	1.808782	1.822677	1.812253	1.800763	1.766191	1.754558	1.739797	1.724224	1.726622	1.698335	1.731763	1.688712	1.759420	1.734327	1.731458	1.705731	1.617037	1.224933	1.200391	1.165290	1.094843	0.973610	1.011051	1.068719	1.045220	1.017360	1.023023	1.002878	1.013150	0.975984	0.983426	0.948015	0.934048	0.857599	0.827609	0.771569	0.737487	0.692331	0.634570	0.592257	0.539193	0.502582	0.454104	0.240660	0.182272	0.139252	0.108365	0.107727	0.134065	0.103804	0.077265	0.053088	0.039946	0.025705	0.017122
1.655976	1.616020	1.587212	1.589893	1.584112	1.623777	1.655887	1.685916	1.624328	1.613701	1.589744	1.614802	1.597670	1.565170	1.564270	1.631433	1.657986	1.690362	1.708611	1.720420	1.741529	1.748903	1.702446	1.659374	1.623462	1.740614	1.746040	1.760169	1.661670	1.634675	1.651192	1.619298	1.677943	1.770630	1.882073	1.921551	1.922628	1.889455	1.874608	1.860703	1.846560	1.902283	1.906576	1.926375	1.911468	1.830976	1.845041	1.834490	1.822859	1.787862	1.776087	1.761144	1.745380	1.747808	1.719174	1.753011	1.709433	1.781008	1.755608	1.752703	1.726660	1.636878	1.239963	1.215120	1.179588	1.108277	0.985556	1.023456	1.081833	1.058044	1.029843	1.035576	1.015183	1.025582	0.987959	0.995493	0.959647	0.945509	0.868122	0.837764	0.781036	0.746536	0.700826	0.642356	0.599524	0.545809	0.508749	0.459676	0.243613	0.184508	0.140961	0.109695	0.109049	0.135710	0.105078	0.078214	0.053739	0.040436	0.026020	0.017332
1.662987	1.622862	1.593932	1.596624	1.590819	1.630652	1.662898	1.693054	1.631205	1.620533	1.596475	1.621639	1.604435	1.571796	1.570893	1.638340	1.665005	1.697519	1.715845	1.727704	1.748903	1.756307	1.709654	1.666399	1.630335	1.747984	1.753433	1.767622	1.668705	1.641596	1.658183	1.626153	1.685047	1.778126	1.890041	1.929687	1.930769	1.897454	1.882545	1.868581	1.854378	1.910337	1.914648	1.934531	1.919561	1.838728	1.852853	1.842257	1.830577	1.795431	1.783606	1.768601	1.752770	1.755208	1.726453	1.760433	1.716670	1.788549	1.763041	1.760123	1.733971	1.643809	1.245213	1.220265	1.184582	1.112969	0.989729	1.027789	1.086413	1.062524	1.034204	1.039960	1.019481	1.029924	0.992142	0.999708	0.963710	0.949512	0.871797	0.841311	0.784343	0.749697	0.703793	0.645076	0.602062	0.548120	0.510903	0.461622	0.244644	0.185289	0.141557	0.110159	0.109510	0.136285	0.105522	0.078545	0.053967	0.040607	0.026130	0.017405
1.618812	1.579753	1.551592	1.554212	1.548561	1.587336	1.618726	1.648080	1.587875	1.577486	1.554067	1.578563	1.561815	1.530044	1.529165	1.594820	1.620777	1.652427	1.670266	1.681810	1.702446	1.709654	1.664240	1.622134	1.587028	1.701551	1.706855	1.720668	1.624379	1.597990	1.614136	1.582957	1.640286	1.730893	1.839835	1.878428	1.879481	1.847052	1.832538	1.818945	1.805120	1.859592	1.863788	1.883143	1.868571	1.789885	1.803635	1.793320	1.781950	1.747739	1.736228	1.721621	1.706211	1.708584	1.680592	1.713670	1.671070	1.741039	1.716208	1.713369	1.687911	1.600143	1.212136	1.187850	1.153115	1.083405	0.963439	1.000488	1.057554	1.034300	1.006732	1.012335	0.992401	1.002565	0.965788	0.973152	0.938111	0.924290	0.848639	0.818963	0.763508	0.729783	0.685098	0.627940	0.586069	0.533560	0.497331	0.449360	0.238146	0.180367	0.137797	0.107233	0.106601	0.132665	0.102719	0.076458	0.052533	0.039529	0.025436	0.016943
1.577856	1.539785	1.512336	1.514891	1.509382	1.547176	1.577771	1.606384	1.547701	1.537576	1.514749	1.538625	1.522301	1.491334	1.490477	1.554471	1.579771	1.610620	1.628008	1.639260	1.659374	1.666399	1.622134	1.581094	1.546876	1.658502	1.663672	1.677134	1.583282	1.557560	1.573298	1.542908	1.598787	1.687101	1.793287	1.830903	1.831930	1.800321	1.786175	1.772925	1.759450	1.812544	1.816634	1.835499	1.821296	1.744601	1.758002	1.747949	1.736867	1.703521	1.692301	1.678063	1.663043	1.665356	1.638073	1.670314	1.628791	1.696990	1.672788	1.670020	1.645206	1.559659	1.181469	1.157797	1.123941	1.055995	0.939063	0.975175	1.030798	1.008132	0.981261	0.986723	0.967293	0.977200	0.941353	0.948531	0.914377	0.900905	0.827169	0.798243	0.744191	0.711319	0.667765	0.612053	0.571242	0.520061	0.484749	0.437991	0.232121	0.175804	0.134311	0.104520	0.103904	0.129308	0.100121	0.074524	0.051204	0.038528	0.024793	0.016514
1.543708	1.506461	1.479607	1.482105	1.476716	1.513693	1.543626	1.571619	1.514206	1.504299	1.481967	1.505326	1.489356	1.459059	1.458220	1.520829	1.545582	1.575763	1.592775	1.603783	1.623462	1.630335	1.587028	1.546876	1.513399	1.622609	1.627667	1.640838	1.549017	1.523852	1.539249	1.509517	1.564186	1.650589	1.754477	1.791279	1.792283	1.761359	1.747518	1.734556	1.721372	1.773317	1.777319	1.795776	1.781880	1.706845	1.719956	1.710120	1.699277	1.666653	1.655676	1.641747	1.627052	1.629315	1.602622	1.634165	1.593541	1.660264	1.636586	1.633878	1.609601	1.525906	1.155899	1.132741	1.099617	1.033141	0.918740	0.954071	1.008489	0.986314	0.960025	0.965368	0.946359	0.956052	0.920980	0.928003	0.894588	0.881408	0.809267	0.780968	0.728085	0.695925	0.653313	0.598807	0.558879	0.508806	0.474258	0.428512	0.227097	0.171999	0.131404	0.102258	0.101656	0.126510	0.097954	0.072911	0.050096	0.037695	0.024256	0.016157
1.655106	1.615170	1.586378	1.589058	1.583280	1.622924	1.655017	1.685030	1.623475	1.612853	1.588909	1.613954	1.596831	1.564347	1.563448	1.630575	1.657115	1.689474	1.707713	1.719516	1.740614	1.747984	1.701551	1.658502	1.622609	1.739700	1.745123	1.759245	1.660797	1.633816	1.650324	1.618447	1.677061	1.769700	1.881084	1.920542	1.921618	1.888462	1.873623	1.859725	1.845590	1.901283	1.905574	1.925363	1.910464	1.830014	1.844072	1.833526	1.821901	1.786922	1.775153	1.760219	1.744463	1.746890	1.718271	1.752090	1.708535	1.780072	1.754685	1.751782	1.725753	1.636018	1.239312	1.214482	1.178968	1.107695	0.985039	1.022918	1.081264	1.057489	1.029302	1.035032	1.014650	1.025043	0.987440	0.994970	0.959143	0.945012	0.867666	0.837324	0.780625	0.746144	0.700457	0.642019	0.599209	0.545522	0.508481	0.459434	0.243485	0.184411	0.140887	0.109637	0.108991	0.135639	0.105022	0.078172	0.053711	0.040415	0.026006	0.017323
1.660265	1.620205	1.591323	1.594011	1.588215	1.627983	1.660176	1.690282	1.628535	1.617880	1.593862	1.618985	1.601808	1.569224	1.568322	1.635658	1.662280	1.694740	1.713037	1.724876	1.746040	1.753433	1.706855	1.663672	1.627667	1.745123	1.750562	1.764728	1.665974	1.638909	1.655469	1.623492	1.682289	1.775216	1.886947	1.926528	1.927608	1.894349	1.879463	1.865522	1.851343	1.907210	1.911514	1.931364	1.916419	1.835719	1.849820	1.839241	1.827580	1.792493	1.780687	1.765706	1.749901	1.752335	1.723627	1.757552	1.713860	1.785621	1.760155	1.757242	1.731133	1.641118	1.243175	1.218267	1.182643	1.111147	0.988109	1.026107	1.084635	1.060785	1.032511	1.038258	1.017813	1.028238	0.990518	0.998071	0.962133	0.947958	0.870370	0.839934	0.783059	0.748470	0.702641	0.644020	0.601076	0.547223	0.510066	0.460866	0.244244	0.184986	0.141326	0.109979	0.109331	0.136062	0.105350	0.078416	0.053878	0.040541	0.026087	0.017377
1.673700	1.633316	1.604201	1.606910	1.601067	1.641157	1.673610	1.703961	1.641714	1.630973	1.606759	1.632086	1.614771	1.581922	1.581013	1.648894	1.675732	1.708454	1.726899	1.738834	1.760169	1.767622	1.720668	1.677134	1.640838	1.759245	1.764728	1.779009	1.679455	1.652171	1.668865	1.636629	1.695902	1.789581	1.902217	1.942118	1.943207	1.909678	1.894672	1.880619	1.866325	1.922643	1.926982	1.946994	1.931927	1.850574	1.864789	1.854125	1.842369	1.806998	1.795097	1.779994	1.764062	1.766515	1.737575	1.771774	1.727729	1.800071	1.774398	1.771462	1.745141	1.654398	1.253235	1.228126	1.192213	1.120139	0.996105	1.034410	1.093412	1.069369	1.040866	1.046660	1.026049	1.036559	0.998534	1.006148	0.969919	0.955629	0.877414	0.846731	0.789395	0.754527	0.708327	0.649231	0.605941	0.551651	0.514194	0.464596	0.246220	0.186483	0.142469	0.110869	0.110216	0.137163	0.106202	0.079051	0.054314	0.040869	0.026299	0.017517
1.580040	1.541916	1.514429	1.516987	1.511471	1.549318	1.579955	1.608607	1.549843	1.539703	1.516845	1.540754	1.524408	1.493398	1.492539	1.556622	1.581957	1.612849	1.630261	1.641529	1.661670	1.668705	1.624379	1.583282	1.549017	1.660797	1.665974	1.679455	1.585473	1.559716	1.575475	1.545043	1.600999	1.689436	1.795769	1.833437	1.834465	1.802812	1.788646	1.775379	1.761885	1.815052	1.819148	1.838040	1.823816	1.747015	1.760435	1.750368	1.739270	1.705878	1.694643	1.680386	1.665345	1.667661	1.640340	1.672626	1.631046	1.699339	1.675103	1.672331	1.647483	1.561818	1.183104	1.159400	1.125497	1.057456	0.940363	0.976525	1.032224	1.009527	0.982619	0.988088	0.968631	0.978553	0.942656	0.949844	0.915642	0.902152	0.828313	0.799348	0.745221	0.712303	0.668689	0.612900	0.572032	0.520780	0.485420	0.438597	0.232442	0.176047	0.134497	0.104665	0.104048	0.129487	0.100259	0.074627	0.051275	0.038582	0.024827	0.016537
1.554371	1.516866	1.489826	1.492342	1.486916	1.524148	1.554287	1.582474	1.524665	1.514690	1.492203	1.515724	1.499643	1.469136	1.468292	1.531333	1.556257	1.586647	1.603777	1.614861	1.634675	1.641596	1.597990	1.557560	1.523852	1.633816	1.638909	1.652171	1.559716	1.534377	1.549880	1.519943	1.574990	1.661990	1.766595	1.803651	1.804663	1.773524	1.759589	1.746537	1.733262	1.785565	1.789595	1.808179	1.794187	1.718634	1.731836	1.721932	1.711014	1.678165	1.667112	1.653087	1.638290	1.640568	1.613691	1.645453	1.604548	1.671732	1.647890	1.645163	1.620718	1.536445	1.163883	1.140564	1.107212	1.040277	0.925086	0.960660	1.015455	0.993127	0.966656	0.972036	0.952895	0.962655	0.927342	0.934413	0.900767	0.887496	0.814857	0.786362	0.733114	0.700731	0.657825	0.602943	0.562739	0.512320	0.477534	0.431472	0.228666	0.173187	0.132312	0.102964	0.102358	0.127384	0.098630	0.073415	0.050442	0.037955	0.024424	0.016268
1.570076	1.532193	1.504880	1.507421	1.501940	1.539548	1.569992	1.598463	1.540070	1.529994	1.507280	1.531039	1.514795	1.483981	1.483128	1.546806	1.571982	1.602679	1.619981	1.631177	1.651192	1.658183	1.614136	1.573298	1.539249	1.650324	1.655469	1.668865	1.575475	1.549880	1.565541	1.535301	1.590904	1.678783	1.784445	1.821876	1.822897	1.791444	1.777368	1.764184	1.750775	1.803607	1.807677	1.826449	1.812316	1.735999	1.749334	1.739330	1.728303	1.695121	1.683957	1.669789	1.654843	1.657145	1.629996	1.662078	1.620760	1.688623	1.664540	1.661786	1.637094	1.551969	1.175643	1.152089	1.118400	1.050788	0.934433	0.970367	1.025715	1.003161	0.976423	0.981858	0.962523	0.972382	0.936712	0.943854	0.909868	0.896463	0.823090	0.794307	0.740522	0.707812	0.664472	0.609035	0.568425	0.517496	0.482359	0.435831	0.230976	0.174937	0.133649	0.104005	0.103392	0.128671	0.099627	0.074156	0.050952	0.038338	0.024670	0.016433
1.539749	1.502597	1.475811	1.478304	1.472929	1.509810	1.539666	1.567587	1.510322	1.500441	1.478166	1.501465	1.485536	1.455316	1.454480	1.516928	1.541618	1.571721	1.588690	1.599670	1.619298	1.626153	1.582957	1.542908	1.509517	1.618447	1.623492	1.636629	1.545043	1.519943	1.535301	1.505645	1.560174	1.646356	1.749977	1.786684	1.787686	1.756841	1.743036	1.730107	1.716957	1.768768	1.772760	1.791170	1.777309	1.702466	1.715544	1.705733	1.694919	1.662378	1.651429	1.637536	1.622878	1.625135	1.598511	1.629974	1.589454	1.656005	1.632388	1.629687	1.605472	1.521992	1.152934	1.129835	1.096797	1.030491	0.916384	0.951623	1.005903	0.983784	0.957562	0.962892	0.943931	0.953600	0.918618	0.925623	0.892293	0.879147	0.807191	0.778965	0.726218	0.694140	0.651637	0.597271	0.557445	0.507501	0.473041	0.427413	0.226515	0.171558	0.131067	0.101996	0.101395	0.126185	0.097703	0.072724	0.049967	0.037598	0.024194	0.016115
1.595513	1.557015	1.529260	1.531843	1.526273	1.564490	1.595427	1.624360	1.565021	1.554782	1.531699	1.555843	1.539336	1.508022	1.507156	1.571866	1.597449	1.628644	1.646226	1.657604	1.677943	1.685047	1.640286	1.598787	1.564186	1.677061	1.682289	1.695902	1.600999	1.574990	1.590904	1.560174	1.616678	1.705981	1.813354	1.851392	1.852429	1.820467	1.806162	1.792765	1.779139	1.832827	1.836963	1.856039	1.841677	1.764124	1.777675	1.767509	1.756303	1.722584	1.711238	1.696842	1.681653	1.683992	1.656403	1.689006	1.647018	1.715980	1.691507	1.688708	1.663617	1.577113	1.194690	1.170754	1.136519	1.067812	0.949572	0.986088	1.042333	1.019413	0.992242	0.997765	0.978117	0.988136	0.951887	0.959145	0.924609	0.910987	0.836425	0.807176	0.752519	0.719279	0.675237	0.618902	0.577634	0.525880	0.490173	0.442892	0.234718	0.177771	0.135814	0.105690	0.105067	0.130755	0.101241	0.075358	0.051777	0.038960	0.025070	0.016699
1.683647	1.643023	1.613734	1.616460	1.610582	1.650910	1.683556	1.714087	1.651470	1.640665	1.616308	1.641785	1.624367	1.591323	1.590409	1.658693	1.685690	1.718608	1.737162	1.749167	1.770630	1.778126	1.730893	1.687101	1.650589	1.769700	1.775216	1.789581	1.689436	1.661990	1.678783	1.646356	1.705981	1.800217	1.913521	1.953660	1.954755	1.921027	1.905932	1.891795	1.877416	1.934069	1.938434	1.958564	1.943409	1.861571	1.875871	1.865144	1.853318	1.817737	1.805765	1.790573	1.774545	1.777013	1.747901	1.782304	1.737997	1.810768	1.784943	1.781990	1.755512	1.664230	1.260682	1.235424	1.199298	1.126796	1.002025	1.040558	1.099910	1.075724	1.047052	1.052880	1.032147	1.042719	1.004468	1.012127	0.975683	0.961308	0.882628	0.851763	0.794087	0.759011	0.712536	0.653090	0.609542	0.554929	0.517250	0.467357	0.247684	0.187591	0.143316	0.111528	0.110871	0.137978	0.106833	0.079520	0.054637	0.041112	0.026455	0.017622
1.789615	1.746434	1.715302	1.718199	1.711951	1.754818	1.789519	1.821971	1.755413	1.743928	1.718038	1.745119	1.726604	1.691481	1.690508	1.763091	1.791787	1.826776	1.846498	1.859259	1.882073	1.890041	1.839835	1.793287	1.754477	1.881084	1.886947	1.902217	1.795769	1.766595	1.784445	1.749977	1.813354	1.913521	2.033958	2.076622	2.077786	2.041936	2.025891	2.010864	1.995580	2.055799	2.060438	2.081835	2.065726	1.978738	1.993938	1.982535	1.969965	1.932144	1.919419	1.903270	1.886234	1.888858	1.857913	1.894481	1.847386	1.924737	1.897287	1.894148	1.866004	1.768976	1.340029	1.313181	1.274782	1.197716	1.065092	1.106050	1.169138	1.143430	1.112953	1.119148	1.097110	1.108347	1.067689	1.075830	1.037092	1.021813	0.938180	0.905373	0.844066	0.806783	0.757383	0.694195	0.647906	0.589856	0.549805	0.496772	0.263273	0.199398	0.152336	0.118547	0.117849	0.146662	0.113557	0.084525	0.058076	0.043699	0.028120	0.018731
1.827154	1.783067	1.751282	1.754240	1.747861	1.791627	1.827056	1.860189	1.792235	1.780509	1.754076	1.781725	1.762822	1.726961	1.725969	1.800074	1.829372	1.865095	1.885230	1.898260	1.921551	1.929687	1.878428	1.830903	1.791279	1.920542	1.926528	1.942118	1.833437	1.803651	1.821876	1.786684	1.851392	1.953660	2.076622	2.120182	2.121371	2.084768	2.068386	2.053044	2.037439	2.098922	2.103658	2.125504	2.109057	2.020244	2.035763	2.024121	2.011288	1.972673	1.959681	1.943194	1.925800	1.928479	1.896885	1.934220	1.886137	1.965111	1.937085	1.933880	1.905145	1.806082	1.368138	1.340727	1.301522	1.222839	1.087433	1.129251	1.193662	1.167415	1.136298	1.142623	1.120123	1.131596	1.090085	1.098397	1.058846	1.043246	0.957860	0.924364	0.861771	0.823706	0.773270	0.708756	0.661496	0.602229	0.561338	0.507192	0.268795	0.203581	0.155532	0.121034	0.120321	0.149739	0.115939	0.086298	0.059294	0.044616	0.028710	0.019124
1.828178	1.784067	1.752264	1.755223	1.748841	1.792631	1.828080	1.861232	1.793239	1.781507	1.755059	1.782723	1.763810	1.727929	1.726936	1.801083	1.830397	1.866140	1.886287	1.899324	1.922628	1.930769	1.879481	1.831930	1.792283	1.921618	1.927608	1.943207	1.834465	1.804663	1.822897	1.787686	1.852429	1.954755	2.077786	2.121371	2.122560	2.085936	2.069546	2.054195	2.038581	2.100098	2.104838	2.126696	2.110239	2.021377	2.036904	2.025256	2.012415	1.973779	1.960779	1.944283	1.926880	1.929560	1.897948	1.935304	1.887194	1.966213	1.938171	1.934964	1.906213	1.807095	1.368905	1.341479	1.302251	1.223525	1.088043	1.129884	1.194331	1.168069	1.136935	1.143264	1.120751	1.132230	1.090696	1.099013	1.059440	1.043831	0.958397	0.924882	0.862255	0.824167	0.773704	0.709154	0.661867	0.602567	0.561653	0.507477	0.268946	0.203695	0.155619	0.121102	0.120388	0.149823	0.116004	0.086347	0.059327	0.044641	0.028726	0.019134
1.796634	1.753284	1.722030	1.724938	1.718666	1.761701	1.796538	1.829117	1.762298	1.750769	1.724777	1.751964	1.733376	1.698115	1.697139	1.770006	1.798815	1.833941	1.853741	1.866552	1.889455	1.897454	1.847052	1.800321	1.761359	1.888462	1.894349	1.909678	1.802812	1.773524	1.791444	1.756841	1.820467	1.921027	2.041936	2.084768	2.085936	2.049945	2.033837	2.018751	2.003407	2.063863	2.068520	2.090001	2.073828	1.986499	2.001759	1.990311	1.977692	1.939723	1.926947	1.910736	1.893633	1.896267	1.865200	1.901912	1.854632	1.932287	1.904729	1.901577	1.873323	1.775915	1.345285	1.318332	1.279782	1.202414	1.069270	1.110388	1.173723	1.147915	1.117318	1.123537	1.101413	1.112694	1.071877	1.080050	1.041160	1.025821	0.941860	0.908924	0.847377	0.809947	0.760354	0.696918	0.650447	0.592170	0.551962	0.498721	0.264305	0.200180	0.152934	0.119012	0.118311	0.147238	0.114003	0.084857	0.058304	0.043871	0.028230	0.018804
1.782517	1.739507	1.708499	1.711384	1.705161	1.747858	1.782421	1.814745	1.748451	1.737012	1.711224	1.738197	1.719756	1.684772	1.683804	1.756098	1.784680	1.819531	1.839174	1.851885	1.874608	1.882545	1.832538	1.786175	1.747518	1.873623	1.879463	1.894672	1.788646	1.759589	1.777368	1.743036	1.806162	1.905932	2.025891	2.068386	2.069546	2.033837	2.017856	2.002888	1.987665	2.047645	2.052266	2.073579	2.057533	1.970890	1.986030	1.974672	1.962152	1.924481	1.911806	1.895722	1.878753	1.881366	1.850544	1.886968	1.840059	1.917104	1.889762	1.886635	1.858603	1.761960	1.334715	1.307973	1.269726	1.192966	1.060868	1.101663	1.164501	1.138895	1.108539	1.114709	1.092758	1.103951	1.063454	1.071563	1.032979	1.017760	0.934459	0.901782	0.840719	0.803583	0.754379	0.691442	0.645336	0.587517	0.547625	0.494802	0.262229	0.198607	0.151732	0.118077	0.117381	0.146081	0.113107	0.084190	0.057846	0.043526	0.028008	0.018656
1.769295	1.726604	1.695826	1.698690	1.692513	1.734893	1.769200	1.801284	1.735481	1.724127	1.698531	1.725304	1.707000	1.672275	1.671314	1.743072	1.771442	1.806034	1.825532	1.838149	1.860703	1.868581	1.818945	1.772925	1.734556	1.859725	1.865522	1.880619	1.775379	1.746537	1.764184	1.730107	1.792765	1.891795	2.010864	2.053044	2.054195	2.018751	2.002888	1.988032	1.972921	2.032457	2.037044	2.058198	2.042271	1.956271	1.971298	1.960025	1.947598	1.910206	1.897625	1.881660	1.864818	1.867411	1.836818	1.872971	1.826410	1.902883	1.875745	1.872641	1.844817	1.748891	1.324814	1.298271	1.260308	1.184117	1.052999	1.093492	1.155863	1.130447	1.100316	1.106441	1.084653	1.095763	1.055566	1.063615	1.025317	1.010211	0.927528	0.895093	0.834482	0.797622	0.748784	0.686313	0.640549	0.583159	0.543563	0.491131	0.260284	0.197134	0.150607	0.117201	0.116511	0.144997	0.112268	0.083566	0.057417	0.043203	0.027801	0.018518
1.755847	1.713481	1.682936	1.685779	1.679649	1.721706	1.755753	1.787593	1.722290	1.711023	1.685621	1.712191	1.694025	1.659564	1.658611	1.729824	1.757978	1.792307	1.811657	1.824178	1.846560	1.854378	1.805120	1.759450	1.721372	1.845590	1.851343	1.866325	1.761885	1.733262	1.750775	1.716957	1.779139	1.877416	1.995580	2.037439	2.038581	2.003407	1.987665	1.972921	1.957926	2.017009	2.021561	2.042554	2.026748	1.941402	1.956315	1.945127	1.932795	1.895687	1.883202	1.867358	1.850644	1.853217	1.822856	1.858735	1.812528	1.888420	1.861488	1.858408	1.830795	1.735598	1.314745	1.288403	1.250728	1.175117	1.044995	1.085180	1.147077	1.121855	1.091953	1.098031	1.076409	1.087434	1.047543	1.055531	1.017523	1.002532	0.920478	0.888290	0.828140	0.791560	0.743092	0.681096	0.635681	0.578726	0.539431	0.487399	0.258305	0.195636	0.149462	0.116310	0.115625	0.143895	0.111415	0.082931	0.056980	0.042875	0.027589	0.018377
1.808832	1.765188	1.733721	1.736649	1.730335	1.773661	1.808735	1.841536	1.774263	1.762655	1.736487	1.763858	1.745145	1.709644	1.708662	1.782023	1.811027	1.846392	1.866326	1.879225	1.902283	1.910337	1.859592	1.812544	1.773317	1.901283	1.907210	1.922643	1.815052	1.785565	1.803607	1.768768	1.832827	1.934069	2.055799	2.098922	2.100098	2.063863	2.047645	2.032457	2.017009	2.077875	2.082564	2.104191	2.087908	1.999986	2.015349	2.003824	1.991119	1.952892	1.940030	1.923708	1.906489	1.909141	1.877864	1.914825	1.867224	1.945406	1.917661	1.914487	1.886041	1.787972	1.354419	1.327283	1.288471	1.210577	1.076529	1.117927	1.181692	1.155708	1.124904	1.131165	1.108891	1.120249	1.079154	1.087383	1.048228	1.032785	0.948255	0.915095	0.853130	0.815446	0.765516	0.701649	0.654863	0.596190	0.555709	0.502106	0.266100	0.201539	0.153972	0.119820	0.119114	0.148237	0.114777	0.085433	0.058700	0.044168	0.028422	0.018932
1.812914	1.769171	1.737634	1.740568	1.734240	1.777664	1.812817	1.845692	1.778267	1.766633	1.740406	1.767839	1.749083	1.713502	1.712518	1.786045	1.815115	1.850559	1.870538	1.883465	1.906576	1.914648	1.863788	1.816634	1.777319	1.905574	1.911514	1.926982	1.819148	1.789595	1.807677	1.772760	1.836963	1.938434	2.060438	2.103658	2.104838	2.068520	2.052266	2.037044	2.021561	2.082564	2.087264	2.108939	2.092620	2.004500	2.019897	2.008346	1.995613	1.957299	1.944408	1.928050	1.910792	1.913449	1.882101	1.919146	1.871437	1.949796	1.921988	1.918808	1.890298	1.792007	1.357475	1.330278	1.291378	1.213309	1.078959	1.120450	1.184359	1.158316	1.127443	1.133718	1.111393	1.122777	1.081589	1.089837	1.050594	1.035116	0.950395	0.917160	0.855055	0.817286	0.767244	0.703233	0.656341	0.597536	0.556963	0.503240	0.266700	0.201994	0.154320	0.120091	0.119383	0.148572	0.115036	0.085626	0.058832	0.044268	0.028486	0.018974
1.831741	1.787544	1.755679	1.758644	1.752249	1.796125	1.831643	1.864859	1.796734	1.784979	1.758479	1.786197	1.767247	1.731297	1.730302	1.804593	1.833964	1.869777	1.889963	1.903025	1.926375	1.934531	1.883143	1.835499	1.795776	1.925363	1.931364	1.946994	1.838040	1.808179	1.826449	1.791170	1.856039	1.958564	2.081835	2.125504	2.126696	2.090001	2.073579	2.058198	2.042554	2.104191	2.108939	2.130840	2.114351	2.025316	2.040874	2.029202	2.016337	1.977625	1.964600	1.948072	1.930635	1.933320	1.901647	1.939076	1.890872	1.970044	1.941948	1.938734	1.909928	1.810616	1.371573	1.344093	1.304789	1.225909	1.090163	1.132086	1.196658	1.170345	1.139151	1.145491	1.122935	1.134437	1.092821	1.101154	1.061504	1.045865	0.960264	0.926684	0.863935	0.825774	0.775211	0.710536	0.663157	0.603741	0.562747	0.508466	0.269470	0.204092	0.155922	0.121338	0.120623	0.150115	0.116230	0.086515	0.059443	0.044728	0.028782	0.019172
