0.000000	0.000000	0.000000	0.000000	0.000000	0.000000	0.000000	0.000000	0.000000	0.000000	0.000000	0.000000	0.000000	0.000000	0.000000	0.000000	0.000000	0.000000	0.000000	0.000000	0.000000	0.000000	0.000000	0.000000	0.000000	0.000000	0.000000	0.000000	0.000000	0.000000	0.000000	0.000000	0.000000	0.000000	0.000000	0.000000	0.000000	0.000000	0.000000	0.000000	0.000000	0.000000	0.000000	0.000000	0.000000	0.000000	0.000000	0.000000	0.000000	0.000000	0.000000	0.000000	0.000000	0.000000	0.000000	0.000000	0.000000	0.000000	0.000000	0.000000	0.000000	0.000000	0.000000	0.000000	0.000000	0.000000	0.000000	0.000000	0.000000	0.000000	0.000000	0.000000	0.000000	0.000000	0.000000	0.000000	0.000000	0.000000	0.000000	0.000000	0.000000	0.000000	0.000000	0.000000	0.000000	0.000000	0.000000	0.000000	0.000000	0.000000	0.000000	0.000000	0.000000	0.000000	0.000000	0.000000	0.000000	0.000000	0.000000	0.000000
0.000000	0.000000	0.000000	0.000000	0.000000	0.000000	0.000000	0.000000	0.000000	0.000000	0.000000	0.000000	0.000000	0.000000	0.000000	0.000000	0.000000	0.000000	0.000000	0.000000	0.000000	0.000000	0.000000	0.000000	0.000000	0.000000	0.000000	0.000000	0.000000	0.000000	0.000000	0.000000	0.000000	0.000000	0.000000	0.000000	0.000000	0.000000	0.000000	0.000000	0.000000	0.000000	0.000000	0.000000	0.000000	0.000000	0.000000	0.000000	0.000000	0.000000	0.000000	0.000000	0.000000	0.000000	0.000000	0.000000	0.000000	0.000000	0.000000	0.000000	0.000000	0.000000	0.000000	0.000000	0.000000	0.000000	0.000000	0.000000	0.000000	0.000000	0.000000	0.000000	0.000000	0.000000	0.000000	0.000000	0.000000	0.000000	0.000000	0.000000	0.000000	0.000000	0.000000	0.000000	0.000000	0.000000	0.000000	0.000000	0.000000	0.000000	0.000000	0.000000	0.000000	0.000000	0.000000	0.000000	0.000000	0.000000	0.000000	0.000000
0.000000	0.000000	0.000000	0.000000	0.000000	0.000000	0.000000	0.000000	0.000000	0.000000	0.000000	0.000000	0.000000	0.000000	0.000000	0.000000	0.000000	0.000000	0.000000	0.000000	0.000000	0.000000	0.000000	0.000000	0.000000	0.000000	0.000000	0.000000	0.000000	0.000000	0.000000	0.000000	0.000000	0.000000	0.000000	0.000000	0.000000	0.000000	0.000000	0.000000	0.000000	0.000000	0.000000	0.000000	0.000000	0.000000	0.000000	0.000000	0.000000	0.000000	0.000000	0.000000	0.000000	0.000000	0.000000	0.000000	0.000000	0.000000	0.000000	0.000000	0.000000	0.000000	0.000000	0.000000	0.000000	0.000000	0.000000	0.000000	0.000000	0.000000	0.000000	0.000000	0.000000	0.000000	0.000000	0.000000	0.000000	0.000000	0.000000	0.000000	0.000000	0.000000	0.000000	0.000000	0.000000	0.000000	0.000000	0.000000	0.000000	0.000000	0.000000	0.000000	0.000000	0.000000	0.000000	0.000000	0.000000	0.000000	0.000000	0.000000
0.000000	0.000000	0.000000	0.000000	0.000000	0.000000	0.000000	0.000000	0.000000	0.000000	0.000000	0.000000	0.000000	0.000000	0.000000	0.000000	0.000000	0.000000	0.000000	0.000000	0.000000	0.000000	0.000000	0.000000	0.000000	0.000000	0.000000	0.000000	0.000000	0.000000	0.000000	0.000000	0.000000	0.000000	0.000000	0.000000	0.000000	0.000000	0.000000	0.000000	0.000000	0.000000	0.000000	0.000000	0.000000	0.000000	0.000000	0.000000	0.000000	0.000000	0.000000	0.000000	0.000000	0.000000	0.000000	0.000000	0.000000	0.000000	0.000000	0.000000	0.000000	0.000000	0.000000	0.000000	0.000000	0.000000	0.000000	0.000000	0.000000	0.000000	0.000000	0.000000	0.000000	0.000000	0.000000	0.000000	0.000000	0.000000	0.000000	0.000000	0.000000	0.000000	0.000000	0.000000	0.000000	0.000000	0.000000	0.000000	0.000000	0.000000	0.000000	0.000000	0.000000	0.000000	0.000000	0.000000	0.000000	0.000000	0.000000	0.000000
0.000000	0.000000	0.000000	0.000000	0.000000	0.000000	0.000000	0.000000	0.000000	0.000000	0.000000	0.000000	0.000000	0.000000	0.000000	0.000000	0.000000	0.000000	0.000000	0.000000	0.000000	0.000000	0.000000	0.000000	0.000000	0.000000	0.000000	0.000000	0.000000	0.000000	0.000000	0.000000	0.000000	0.000000	0.000000	0.000000	0.000000	0.000000	0.000000	0.000000	0.000000	0.000000	0.000000	0.000000	0.000000	0.000000	0.000000	0.000000	0.000000	0.000000	0.000000	0.000000	0.000000	0.000000	0.000000	0.000000	0.000000	0.000000	0.000000	0.000000	0.000000	0.000000	0.000000	0.000000	0.000000	0.000000	0.000000	0.000000	0.000000	0.000000	0.000000	0.000000	0.000000	0.000000	0.000000	0.000000	0.000000	0.000000	0.000000	0.000000	0.000000	0.000000	0.000000	0.000000	0.000000	0.000000	0.000000	0.000000	0.000000	0.000000	0.000000	0.000000	0.000000	0.000000	0.000000	0.000000	0.000000	0.000000	0.000000	0.000000
0.000000	0.000000	0.000000	0.000000	0.000000	0.000000	0.000000	0.000000	0.000000	0.000000	0.000000	0.000000	0.000000	0.000000	0.000000	0.000000	0.000000	0.000000	0.000000	0.000000	0.000000	0.000000	0.000000	0.000000	0.000000	0.000000	0.000000	0.000000	0.000000	0.000000	0.000000	0.000000	0.000000	0.000000	0.000000	0.000000	0.000000	0.000000	0.000000	0.000000	0.000000	0.000000	0.000000	0.000000	0.000000	0.000000	0.000000	0.000000	0.000000	0.000000	0.000000	0.000000	0.000000	0.000000	0.000000	0.000000	0.000000	0.000000	0.000000	0.000000	0.000000	0.000000	0.000000	0.000000	0.000000	0.000000	0.000000	0.000000	0.000000	0.000000	0.000000	0.000000	0.000000	0.000000	0.000000	0.000000	0.000000	0.000000	0.000000	0.000000	0.000000	0.000000	0.000000	0.000000	0.000000	0.000000	0.000000	0.000000	0.000000	0.000000	0.000000	0.000000	0.000000	0.000000	0.000000	0.000000	0.000000	0.000000	0.000000	0.000000
0.000000	0.000000	0.000000	0.000000	0.000000	0.000000	0.000000	0.000000	0.000000	0.000000	0.000000	0.000000	0.000000	0.000000	0.000000	0.000000	0.000000	0.000000	0.000000	0.000000	0.000000	0.000000	0.000000	0.000000	0.000000	0.000000	0.000000	0.000000	0.000000	0.000000	0.000000	0.000000	0.000000	0.000000	0.000000	0.000000	0.000000	0.000000	0.000000	0.000000	0.000000	0.000000	0.000000	0.000000	0.000000	0.000000	0.000000	0.000000	0.000000	0.000000	0.000000	0.000000	0.000000	0.000000	0.000000	0.000000	0.000000	0.000000	0.000000	0.000000	0.000000	0.000000	0.000000	0.000000	0.000000	0.000000	0.000000	0.000000	0.000000	0.000000	0.000000	0.000000	0.000000	0.000000	0.000000	0.000000	0.000000	0.000000	0.000000	0.000000	0.000000	0.000000	0.000000	0.000000	0.000000	0.000000	0.000000	0.000000	0.000000	0.000000	0.000000	0.000000	0.000000	0.000000	0.000000	0.000000	0.000000	0.000000	0.000000	0.000000
0.000000	0.000000	0.000000	0.000000	0.000000	0.000000	0.000000	0.000000	0.000000	0.000000	0.000000	0.000000	0.000000	0.000000	0.000000	0.000000	0.000000	0.000000	0.000000	0.000000	0.000000	0.000000	0.000000	0.000000	0.000000	0.000000	0.000000	0.000000	0.000000	0.000000	0.000000	0.000000	0.000000	0.000000	0.000000	0.000000	0.000000	0.000000	0.000000	0.000000	0.000000	0.000000	0.000000	0.000000	0.000000	0.000000	0.000000	0.000000	0.000000	0.000000	0.000000	0.000000	0.000000	0.000000	0.000000	0.000000	0.000000	0.000000	0.000000	0.000000	0.000000	0.000000	0.000000	0.000000	0.000000	0.000000	0.000000	0.000000	0.000000	0.000000	0.000000	0.000000	0.000000	0.000000	0.000000	0.000000	0.000000	0.000000	0.000000	0.000000	0.000000	0.000000	0.000000	0.000000	0.000000	0.000000	0.000000	0.000000	0.000000	0.000000	0.000000	0.000000	0.000000	0.000000	0.000000	0.000000	0.000000	0.000000	0.000000	0.000000
0.000000	0.000000	0.000000	0.000000	0.000000	0.000000	0.000000	0.000000	0.000000	0.000000	0.000000	0.000000	0.000000	0.000000	0.000000	0.000000	0.000000	0.000000	0.000000	0.000000	0.000000	0.000000	0.000000	0.000000	0.000000	0.000000	0.000000	0.000000	0.000000	0.000000	0.000000	0.000000	0.000000	0.000000	0.000000	0.000000	0.000000	0.000000	0.000000	0.000000	0.000000	0.000000	0.000000	0.000000	0.000000	0.000000	0.000000	0.000000	0.000000	0.000000	0.000000	0.000000	0.000000	0.000000	0.000000	0.000000	0.000000	0.000000	0.000000	0.000000	0.000000	0.000000	0.000000	0.000000	0.000000	0.000000	0.000000	0.000000	0.000000	0.000000	0.000000	0.000000	0.000000	0.000000	0.000000	0.000000	0.000000	0.000000	0.000000	0.000000	0.000000	0.000000	0.000000	0.000000	0.000000	0.000000	0.000000	0.000000	0.000000	0.000000	0.000000	0.000000	0.000000	0.000000	0.000000	0.000000	0.000000	0.000000	0.000000	0.000000
0.000000	0.000000	0.000000	0.000000	0.000000	0.000000	0.000000	0.000000	0.000000	0.000000	0.000000	0.000000	0.000000	0.000000	0.000000	0.000000	0.000000	0.000000	0.000000	0.000000	0.000000	0.000000	0.000000	0.000000	0.000000	0.000000	0.000000	0.000000	0.000000	0.000000	0.000000	0.000000	0.000000	0.000000	0.000000	0.000000	0.000000	0.000000	0.000000	0.000000	0.000000	0.000000	0.000000	0.000000	0.000000	0.000000	0.000000	0.000000	0.000000	0.000000	0.000000	0.000000	0.000000	0.000000	0.000000	0.000000	0.000000	0.000000	0.000000	0.000000	0.000000	0.000000	0.000000	0.000000	0.000000	0.000000	0.000000	0.000000	0.000000	0.000000	0.000000	0.000000	0.000000	0.000000	0.000000	0.000000	0.000000	0.000000	0.000000	0.000000	0.000000	0.000000	0.000000	0.000000	0.000000	0.000000	0.000000	0.000000	0.000000	0.000000	0.000000	0.000000	0.000000	0.000000	0.000000	0.000000	0.000000	0.000000	0.000000	0.000000
0.000000	0.000000	0.000000	0.000000	0.000000	0.000000	0.000000	0.000000	0.000000	0.000000	0.000000	0.000000	0.000000	0.000000	0.000000	0.000000	0.000000	0.000000	0.000000	0.000000	0.000000	0.000000	0.000000	0.000000	0.000000	0.000000	0.000000	0.000000	0.000000	0.000000	0.000000	0.000000	0.000000	0.000000	0.000000	0.000000	0.000000	0.000000	0.000000	0.000000	0.000000	0.000000	0.000000	0.000000	0.000000	0.000000	0.000000	0.000000	0.000000	0.000000	0.000000	0.000000	0.000000	0.000000	0.000000	0.000000	0.000000	0.000000	0.000000	0.000000	0.000000	0.000000	0.000000	0.000000	0.000000	0.000000	0.000000	0.000000	0.000000	0.000000	0.000000	0.000000	0.000000	0.000000	0.000000	0.000000	0.000000	0.000000	0.000000	0.000000	0.000000	0.000000	0.000000	0.000000	0.000000	0.000000	0.000000	0.000000	0.000000	0.000000	0.000000	0.000000	0.000000	0.000000	0.000000	0.000000	0.000000	0.000000	0.000000	0.000000
0.000000	0.000000	0.000000	0.000000	0.000000	0.000000	0.000000	0.000000	0.000000	0.000000	0.000000	0.000000	0.000000	0.000000	0.000000	0.000000	0.000000	0.000000	0.000000	0.000000	0.000000	0.000000	0.000000	0.000000	0.000000	0.000000	0.000000	0.000000	0.000000	0.000000	0.000000	0.000000	0.000000	0.000000	0.000000	0.000000	0.000000	0.000000	0.000000	0.000000	0.000000	0.000000	0.000000	0.000000	0.000000	0.000000	0.000000	0.000000	0.000000	0.000000	0.000000	0.000000	0.000000	0.000000	0.000000	0.000000	0.000000	0.000000	0.000000	0.000000	0.000000	0.000000	0.000000	0.000000	0.000000	0.000000	0.000000	0.000000	0.000000	0.000000	0.000000	0.000000	0.000000	0.000000	0.000000	0.000000	0.000000	0.000000	0.000000	0.000000	0.000000	0.000000	0.000000	0.000000	0.000000	0.000000	0.000000	0.000000	0.000000	0.000000	0.000000	0.000000	0.000000	0.000000	0.000000	0.000000	0.000000	0.000000	0.000000	0.000000
0.000000	0.000000	0.000000	0.000000	0.000000	0.000000	0.000000	0.000000	0.000000	0.000000	0.000000	0.000000	0.000000	0.000000	0.000000	0.000000	0.000000	0.000000	0.000000	0.000000	0.000000	0.000000	0.000000	0.000000	0.000000	0.000000	0.000000	0.000000	0.000000	0.000000	0.000000	0.000000	0.000000	0.000000	0.000000	0.000000	0.000000	0.000000	0.000000	0.000000	0.000000	0.000000	0.000000	0.000000	0.000000	0.000000	0.000000	0.000000	0.000000	0.000000	0.000000	0.000000	0.000000	0.000000	0.000000	0.000000	0.000000	0.000000	0.000000	0.000000	0.000000	0.000000	0.000000	0.000000	0.000000	0.000000	0.000000	0.000000	0.000000	0.000000	0.000000	0.000000	0.000000	0.000000	0.000000	0.000000	0.000000	0.000000	0.000000	0.000000	0.000000	0.000000	0.000000	0.000000	0.000000	0.000000	0.000000	0.000000	0.000000	0.000000	0.000000	0.000000	0.000000	0.000000	0.000000	0.000000	0.000000	0.000000	0.000000	0.000000
0.000000	0.000000	0.000000	0.000000	0.000000	0.000000	0.000000	0.000000	0.000000	0.000000	0.000000	0.000000	0.000000	0.000000	0.000000	0.000000	0.000000	0.000000	0.000000	0.000000	0.000000	0.000000	0.000000	0.000000	0.000000	0.000000	0.000000	0.000000	0.000000	0.000000	0.000000	0.000000	0.000000	0.000000	0.000000	0.000000	0.000000	0.000000	0.000000	0.000000	0.000000	0.000000	0.000000	0.000000	0.000000	0.000000	0.000000	0.000000	0.000000	0.000000	0.000000	0.000000	0.000000	0.000000	0.000000	0.000000	0.000000	0.000000	0.000000	0.000000	0.000000	0.000000	0.000000	0.000000	0.000000	0.000000	0.000000	0.000000	0.000000	0.000000	0.000000	0.000000	0.000000	0.000000	0.000000	0.000000	0.000000	0.000000	0.000000	0.000000	0.000000	0.000000	0.000000	0.000000	0.000000	0.000000	0.000000	0.000000	0.000000	0.000000	0.000000	0.000000	0.000000	0.000000	0.000000	0.000000	0.000000	0.000000	0.000000	0.000000
0.000000	0.000000	0.000000	0.000000	0.000000	0.000000	0.000000	0.000000	0.000000	0.000000	0.000000	0.000000	0.000000	0.000000	0.000000	0.000000	0.000000	0.000000	0.000000	0.000000	0.000000	0.000000	0.000000	0.000000	0.000000	0.000000	0.000000	0.000000	0.000000	0.000000	0.000000	0.000000	0.000000	0.000000	0.000000	0.000000	0.000000	0.000000	0.000000	0.000000	0.000000	0.000000	0.000000	0.000000	0.000000	0.000000	0.000000	0.000000	0.000000	0.000000	0.000000	0.000000	0.000000	0.000000	0.000000	0.000000	0.000000	0.000000	0.000000	0.000000	0.000000	0.000000	0.000000	0.000000	0.000000	0.000000	0.000000	0.000000	0.000000	0.000000	0.000000	0.000000	0.000000	0.000000	0.000000	0.000000	0.000000	0.000000	0.000000	0.000000	0.000000	0.000000	0.000000	0.000000	0.000000	0.000000	0.000000	0.000000	0.000000	0.000000	0.000000	0.000000	0.000000	0.000000	0.000000	0.000000	0.000000	0.000000	0.000000	0.000000
0.000000	0.000000	0.000000	0.000000	0.000000	0.000000	0.000000	0.000000	0.000000	0.000000	0.000000	0.000000	0.000000	0.000000	0.000000	0.000000	0.000000	0.000000	0.000000	0.000000	0.000000	0.000000	0.000000	0.000000	0.000000	0.000000	0.000000	0.000000	0.000000	0.000000	0.000000	0.000000	0.000000	0.000000	0.000000	0.000000	0.000000	0.000000	0.000000	0.000000	0.000000	0.000000	0.000000	0.000000	0.000000	0.000000	0.000000	0.000000	0.000000	0.000000	0.000000	0.000000	0.000000	0.000000	0.000000	0.000000	0.000000	0.000000	0.000000	0.000000	0.000000	0.000000	0.000000	0.000000	0.000000	0.000000	0.000000	0.000000	0.000000	0.000000	0.000000	0.000000	0.000000	0.000000	0.000000	0.000000	0.000000	0.000000	0.000000	0.000000	0.000000	0.000000	0.000000	0.000000	0.000000	0.000000	0.000000	0.000000	0.000000	0.000000	0.000000	0.000000	0.000000	0.000000	0.000000	0.000000	0.000000	0.000000	0.000000	0.000000
0.000000	0.000000	0.000000	0.000000	0.000000	0.000000	0.000000	0.000000	0.000000	0.000000	0.000000	0.000000	0.000000	0.000000	0.000000	0.000000	0.000000	0.000000	0.000000	0.000000	0.000000	0.000000	0.000000	0.000000	0.000000	0.000000	0.000000	0.000000	0.000000	0.000000	0.000000	0.000000	0.000000	0.000000	0.000000	0.000000	0.000000	0.000000	0.000000	0.000000	0.000000	0.000000	0.000000	0.000000	0.000000	0.000000	0.000000	0.000000	0.000000	0.000000	0.000000	0.000000	0.000000	0.000000	0.000000	0.000000	0.000000	0.000000	0.000000	0.000000	0.000000	0.000000	0.000000	0.000000	0.000000	0.000000	0.000000	0.000000	0.000000	0.000000	0.000000	0.000000	0.000000	0.000000	0.000000	0.000000	0.000000	0.000000	0.000000	0.000000	0.000000	0.000000	0.000000	0.000000	0.000000	0.000000	0.000000	0.000000	0.000000	0.000000	0.000000	0.000000	0.000000	0.000000	0.000000	0.000000	0.000000	0.000000	0.000000	0.000000
0.000000	0.000000	0.000000	0.000000	0.000000	0.000000	0.000000	0.000000	0.000000	0.000000	0.000000	0.000000	0.000000	0.000000	0.000000	0.000000	0.000000	0.088431	0.203115	0.319321	0.428189	0.518019	0.564717	0.610815	0.650123	0.727642	0.747074	0.766704	0.721047	0.715648	0.694354	0.683366	0.699973	0.734571	0.779223	0.841780	0.843524	0.830848	0.821385	0.813291	0.814717	0.837484	0.839683	0.843350	0.840422	0.803711	0.803294	0.800107	0.781352	0.767998	0.752028	0.740171	0.723736	0.707131	0.676570	0.660664	0.590071	0.557601	0.494098	0.377233	0.300791	0.129288	0.073074	0.055790	0.044265	0.037496	0.023237	0.015683	0.011914	0.008301	0.005963	0.004069	0.002720	0.001820	0.001049	0.000938	0.000534	0.000338	0.000293	0.000139	0.000100	0.000117	0.000031	0.000026	0.000024	0.000008	0.000000	0.000010	0.000000	0.000000	0.000002	0.000000	0.000000	0.000000	0.000000	0.000000	0.000000	0.000000	0.000000	0.000000
0.000000	0.000000	0.000000	0.000000	0.000000	0.000000	0.000000	0.000000	0.000000	0.000000	0.000000	0.000000	0.000000	0.000000	0.000000	0.000000	0.000000	0.203115	0.453039	0.715050	0.951987	1.172122	1.267308	1.382850	1.470976	1.626342	1.688760	1.731083	1.634704	1.609803	1.566638	1.532344	1.571266	1.666756	1.754318	1.896371	1.901100	1.865917	1.850966	1.831810	1.826611	1.882537	1.877905	1.904028	1.884679	1.817501	1.817728	1.793718	1.772885	1.728440	1.695691	1.661001	1.620972	1.597984	1.526122	1.472957	1.324753	1.269775	1.106488	0.845429	0.675032	0.290969	0.165596	0.125048	0.100528	0.083019	0.051048	0.036170	0.027993	0.019363	0.011622	0.008808	0.006273	0.003956	0.002818	0.002268	0.001633	0.000989	0.000750	0.000381	0.000252	0.000084	0.000135	0.000071	0.000031	0.000051	0.000021	0.000013	0.000032	0.000003	0.000002	0.000000	0.000000	0.000000	0.000000	0.000000	0.000000	0.000000	0.000000	0.000000
0.000000	0.000000	0.000000	0.000000	0.000000	0.000000	0.000000	0.000000	0.000000	0.000000	0.000000	0.000000	0.000000	0.000000	0.000000	0.000000	0.000000	0.319321	0.715050	1.130488	1.497043	1.828855	1.985427	2.161471	2.289618	2.570567	2.642176	2.702844	2.566474	2.527149	2.438114	2.391536	2.456100	2.584049	2.751920	2.971875	2.950659	2.912650	2.890288	2.865635	2.862593	2.942239	2.951275	2.983572	2.952114	2.821919	2.838326	2.815618	2.767796	2.711933	2.663126	2.603141	2.541985	2.503372	2.381929	2.326275	2.086661	1.987050	1.728626	1.326134	1.058079	0.457890	0.258381	0.200180	0.153460	0.131985	0.080249	0.060656	0.042345	0.028909	0.019489	0.014727	0.009699	0.006585	0.004512	0.003238	0.001824	0.001494	0.001106	0.000593	0.000474	0.000220	0.000151	0.000117	0.000200	0.000031	0.000075	0.000012	0.000008	0.000004	0.000002	0.000000	0.000000	0.000000	0.000000	0.000000	0.000000	0.000000	0.000000	0.000000
0.000000	0.000000	0.000000	0.000000	0.000000	0.000000	0.000000	0.000000	0.000000	0.000000	0.000000	0.000000	0.000000	0.000000	0.000000	0.000000	0.000000	0.428189	0.951987	1.497043	2.040513	2.486746	2.706688	2.944127	3.117741	3.483478	3.595375	3.688510	3.489000	3.432328	3.327703	3.241012	3.343081	3.531684	3.737407	4.027175	4.020012	3.949700	3.914587	3.900926	3.864695	3.986631	3.996167	4.038729	3.982488	3.816698	3.834076	3.789313	3.747069	3.636127	3.575467	3.495601	3.432673	3.369329	3.220622	3.141923	2.794184	2.681068	2.336767	1.794571	1.418605	0.615680	0.344164	0.264885	0.210213	0.177167	0.107029	0.078958	0.060515	0.040700	0.026478	0.018807	0.013243	0.008980	0.005375	0.004092	0.002734	0.002166	0.001315	0.000741	0.000373	0.000383	0.000244	0.000139	0.000118	0.000034	0.000025	0.000014	0.000010	0.000004	0.000002	0.000000	0.000000	0.000000	0.000000	0.000000	0.000000	0.000000	0.000000	0.000000
0.000000	0.000000	0.000000	0.000000	0.000000	0.000000	0.000000	0.000000	0.000000	0.000000	0.000000	0.000000	0.000000	0.000000	0.000000	0.000000	0.000000	0.518019	1.172122	1.828855	2.486746	3.016810	3.295114	3.575607	3.789908	4.250842	4.374439	4.490184	4.236028	4.175475	4.040265	3.941716	4.067737	4.269761	4.530491	4.891723	4.902419	4.804078	4.768143	4.719300	4.696252	4.847552	4.865794	4.899793	4.871501	4.630614	4.669015	4.604965	4.556529	4.450549	4.357352	4.255219	4.174760	4.087930	3.918714	3.812895	3.408137	3.258876	2.832909	2.185675	1.732439	0.749115	0.420388	0.322396	0.258226	0.216102	0.135053	0.095285	0.070659	0.048513	0.032899	0.023351	0.015662	0.011587	0.007911	0.005443	0.003238	0.002547	0.001735	0.001026	0.000581	0.000460	0.000314	0.000200	0.000150	0.000075	0.000107	0.000091	0.000063	0.000008	0.000021	0.000000	0.000000	0.000000	0.000000	0.000000	0.000000	0.000000	0.000000	0.000000
0.000000	0.000000	0.000000	0.000000	0.000000	0.000000	0.000000	0.000000	0.000000	0.000000	0.000000	0.000000	0.000000	0.000000	0.000000	0.000000	0.000000	0.564717	1.267308	1.985427	2.706688	3.295114	3.601137	3.914605	4.135398	4.629170	4.760759	4.885394	4.627187	4.539128	4.410966	4.297441	4.425072	4.662735	4.951826	5.332916	5.331201	5.235845	5.193542	5.139112	5.105302	5.283920	5.298675	5.347634	5.284541	5.044087	5.076334	5.021117	4.971415	4.832915	4.745903	4.640299	4.537155	4.441998	4.254538	4.146473	3.717110	3.548697	3.101995	2.377227	1.893573	0.817779	0.459481	0.354812	0.275247	0.237071	0.141912	0.106367	0.078465	0.052814	0.036442	0.025132	0.017295	0.012270	0.007688	0.006498	0.004070	0.002448	0.001997	0.001114	0.000583	0.000280	0.000343	0.000263	0.000197	0.000140	0.000019	0.000107	0.000018	0.000009	0.000008	0.000000	0.000000	0.000000	0.000000	0.000000	0.000000	0.000000	0.000000	0.000000
0.000000	0.000000	0.000000	0.000000	0.000000	0.000000	0.000000	0.000000	0.000000	0.000000	0.000000	0.000000	0.000000	0.000000	0.000000	0.000000	0.000000	0.610815	1.382850	2.161471	2.944127	3.575607	3.914605	4.215285	4.485836	5.032700	5.161444	5.334069	5.016841	4.943978	4.796438	4.664329	4.822179	5.057287	5.367838	5.803015	5.779987	5.666267	5.629712	5.593318	5.569379	5.734260	5.753884	5.786952	5.747115	5.489577	5.519457	5.460147	5.396197	5.248610	5.153300	5.046165	4.924227	4.848526	4.616602	4.508675	4.041682	3.854069	3.354853	2.580136	2.052917	0.882903	0.492941	0.386316	0.305252	0.255291	0.156364	0.114223	0.082678	0.058394	0.038769	0.027493	0.017841	0.013128	0.008087	0.006313	0.004191	0.002804	0.002067	0.001471	0.000597	0.000356	0.000346	0.000215	0.000125	0.000155	0.000059	0.000014	0.000012	0.000007	0.000004	0.000000	0.000000	0.000000	0.000000	0.000000	0.000000	0.000000	0.000000	0.000000
0.000000	0.000000	0.000000	0.000000	0.000000	0.000000	0.000000	0.000000	0.000000	0.000000	0.000000	0.000000	0.000000	0.000000	0.000000	0.000000	0.000000	0.650123	1.470976	2.289618	3.117741	3.789908	4.135398	4.485836	4.758958	5.326790	5.492403	5.643026	5.338162	5.238655	5.090560	4.954243	5.105595	5.363975	5.699143	6.157686	6.143574	6.020787	5.983868	5.935053	5.912493	6.078146	6.112136	6.153769	6.086341	5.821617	5.848882	5.806728	5.714270	5.589062	5.472986	5.354233	5.230301	5.140078	4.917563	4.776913	4.286542	4.086542	3.571828	2.738694	2.175371	0.948900	0.530346	0.405881	0.320725	0.269010	0.167311	0.118529	0.088875	0.061740	0.042183	0.028795	0.020640	0.014752	0.009268	0.006688	0.004150	0.002881	0.001982	0.001322	0.000811	0.000506	0.000359	0.000238	0.000283	0.000099	0.000066	0.000007	0.000048	0.000008	0.000010	0.000000	0.000000	0.000000	0.000000	0.000000	0.000000	0.000000	0.000000	0.000000
0.000000	0.000000	0.000000	0.000000	0.000000	0.000000	0.000000	0.000000	0.000000	0.000000	0.000000	0.000000	0.000000	0.000000	0.000000	0.000000	0.000000	0.727642	1.626342	2.570567	3.483478	4.250842	4.629170	5.032700	5.326790	5.969873	6.139362	6.313440	5.965849	5.863454	5.665398	5.538276	5.726632	6.015649	6.379674	6.895861	6.885062	6.734503	6.699335	6.630417	6.597108	6.796026	6.822165	6.882575	6.814516	6.506925	6.558317	6.459747	6.395313	6.229358	6.118153	5.968717	5.839568	5.742088	5.475833	5.346959	4.769080	4.566763	3.987821	3.059149	2.430425	1.052427	0.585683	0.455639	0.356727	0.302251	0.185048	0.133569	0.100331	0.066406	0.045855	0.032274	0.022497	0.016385	0.009414	0.008139	0.004400	0.003383	0.002281	0.001371	0.000737	0.000470	0.000444	0.000374	0.000274	0.000058	0.000151	0.000029	0.000040	0.000007	0.000029	0.000000	0.000000	0.000000	0.000000	0.000000	0.000000	0.000000	0.000000	0.000000
0.000000	0.000000	0.000000	0.000000	0.000000	0.000000	0.000000	0.000000	0.000000	0.000000	0.000000	0.000000	0.000000	0.000000	0.000000	0.000000	0.000000	0.747074	1.688760	2.642176	3.595375	4.374439	4.760759	5.161444	5.492403	6.139362	6.355358	6.493742	6.165526	6.031539	5.872145	5.715276	5.908103	6.200721	6.574764	7.082289	7.082302	6.949800	6.924108	6.825599	6.810796	7.009544	7.030094	7.090889	7.032045	6.704600	6.751908	6.674440	6.599520	6.439004	6.305780	6.170809	6.040480	5.924979	5.664998	5.518627	4.941256	4.717330	4.118467	3.170293	2.510692	1.087988	0.606597	0.464780	0.370590	0.311171	0.193691	0.138461	0.102867	0.070742	0.048463	0.034064	0.023965	0.016277	0.010829	0.008086	0.004834	0.003702	0.002342	0.001524	0.000877	0.000461	0.000684	0.000241	0.000182	0.000190	0.000048	0.000021	0.000041	0.000009	0.000010	0.000000	0.000000	0.000000	0.000000	0.000000	0.000000	0.000000	0.000000	0.000000
0.000000	0.000000	0.000000	0.000000	0.000000	0.000000	0.000000	0.000000	0.000000	0.000000	0.000000	0.000000	0.000000	0.000000	0.000000	0.000000	0.000000	0.766704	1.731083	2.702844	3.688510	4.490184	4.885394	5.334069	5.643026	6.313440	6.493742	6.677267	6.304746	6.202655	6.004803	5.841541	6.053052	6.365487	6.742668	7.279311	7.275817	7.130602	7.091013	7.023280	6.970945	7.201946	7.214657	7.255516	7.203922	6.891372	6.931729	6.859049	6.768363	6.590746	6.482378	6.338678	6.186679	6.072756	5.812614	5.662347	5.051235	4.837748	4.226241	3.242912	2.581003	1.114919	0.623111	0.488702	0.378271	0.320849	0.198159	0.141329	0.103770	0.070819	0.048859	0.035488	0.024943	0.016691	0.010580	0.008154	0.004880	0.003392	0.002715	0.001543	0.001051	0.000537	0.000437	0.000247	0.000197	0.000144	0.000157	0.000053	0.000049	0.000008	0.000007	0.000000	0.000000	0.000000	0.000000	0.000000	0.000000	0.000000	0.000000	0.000000
0.000000	0.000000	0.000000	0.000000	0.000000	0.000000	0.000000	0.000000	0.000000	0.000000	0.000000	0.000000	0.000000	0.000000	0.000000	0.000000	0.000000	0.721047	1.634704	2.566474	3.489000	4.236028	4.627187	5.016841	5.338162	5.965849	6.165526	6.304746	5.987035	5.875095	5.669527	5.534644	5.722745	6.032837	6.388746	6.897881	6.856987	6.752258	6.718356	6.642730	6.612419	6.817234	6.834402	6.876240	6.812903	6.514640	6.537785	6.474826	6.386407	6.237748	6.112966	5.999199	5.863869	5.739212	5.506847	5.340184	4.785563	4.568547	4.002674	3.064518	2.433910	1.055456	0.587308	0.454806	0.361345	0.298523	0.185017	0.133246	0.101186	0.068049	0.047312	0.032447	0.022347	0.016093	0.010228	0.007710	0.005153	0.003644	0.002246	0.001384	0.000814	0.000428	0.000466	0.000239	0.000192	0.000100	0.000078	0.000007	0.000025	0.000011	0.000009	0.000000	0.000000	0.000000	0.000000	0.000000	0.000000	0.000000	0.000000	0.000000
0.000000	0.000000	0.000000	0.000000	0.000000	0.000000	0.000000	0.000000	0.000000	0.000000	0.000000	0.000000	0.000000	0.000000	0.000000	0.000000	0.000000	0.715648	1.609803	2.527149	3.432328	4.175475	4.539128	4.943978	5.238655	5.863454	6.031539	6.202655	5.875095	5.775644	5.582083	5.455203	5.637265	5.924457	6.290545	6.761974	6.763438	6.636692	6.588058	6.551044	6.481521	6.704499	6.700777	6.785287	6.695598	6.405396	6.444958	6.376055	6.290011	6.114067	6.017659	5.886275	5.758426	5.653668	5.419004	5.253713	4.700588	4.510645	3.923083	3.008892	2.393862	1.033577	0.575006	0.453996	0.347756	0.294533	0.183074	0.132201	0.098043	0.069615	0.044914	0.033639	0.023442	0.016059	0.010228	0.007900	0.004374	0.003175	0.002897	0.001398	0.000759	0.000465	0.000495	0.000259	0.000169	0.000088	0.000077	0.000025	0.000021	0.000006	0.000010	0.000000	0.000000	0.000000	0.000000	0.000000	0.000000	0.000000	0.000000	0.000000
0.000000	0.000000	0.000000	0.000000	0.000000	0.000000	0.000000	0.000000	0.000000	0.000000	0.000000	0.000000	0.000000	0.000000	0.000000	0.000000	0.000000	0.694354	1.566638	2.438114	3.327703	4.040265	4.410966	4.796438	5.090560	5.665398	5.872145	6.004803	5.669527	5.582083	5.413496	5.275605	5.426937	5.723409	6.066947	6.553905	6.565579	6.436134	6.378074	6.322906	6.306459	6.491946	6.505434	6.573930	6.490677	6.202127	6.259308	6.173500	6.114329	5.957190	5.843552	5.707316	5.593197	5.482219	5.238989	5.086961	4.579896	4.345939	3.817061	2.919869	2.337357	1.010763	0.563206	0.438032	0.342745	0.291194	0.180609	0.129043	0.094817	0.064629	0.044307	0.029925	0.021957	0.014804	0.008802	0.007686	0.004322	0.003331	0.002762	0.001484	0.000808	0.000587	0.000395	0.000204	0.000222	0.000077	0.000045	0.000094	0.000026	0.000011	0.000025	0.000000	0.000000	0.000000	0.000000	0.000000	0.000000	0.000000	0.000000	0.000000
0.000000	0.000000	0.000000	0.000000	0.000000	0.000000	0.000000	0.000000	0.000000	0.000000	0.000000	0.000000	0.000000	0.000000	0.000000	0.000000	0.000000	0.683366	1.532344	2.391536	3.241012	3.941716	4.297441	4.664329	4.954243	5.538276	5.715276	5.841541	5.534644	5.455203	5.275605	5.118146	5.313240	5.566322	5.920268	6.390288	6.397738	6.271446	6.229225	6.164813	6.143100	6.332375	6.342311	6.387767	6.319843	6.039394	6.078163	6.011394	5.945316	5.781695	5.700536	5.566692	5.442382	5.368648	5.089610	4.958816	4.431547	4.254157	3.697512	2.847850	2.264162	0.968757	0.550858	0.416982	0.333075	0.279749	0.173662	0.123714	0.092400	0.062503	0.042372	0.030655	0.021899	0.014939	0.008935	0.006810	0.004209	0.002811	0.002337	0.001255	0.000808	0.000540	0.000446	0.000248	0.000139	0.000074	0.000067	0.000027	0.000019	0.000008	0.000010	0.000000	0.000000	0.000000	0.000000	0.000000	0.000000	0.000000	0.000000	0.000000
0.000000	0.000000	0.000000	0.000000	0.000000	0.000000	0.000000	0.000000	0.000000	0.000000	0.000000	0.000000	0.000000	0.000000	0.000000	0.000000	0.000000	0.699973	1.571266	2.456100	3.343081	4.067737	4.425072	4.822179	5.105595	5.726632	5.908103	6.053052	5.722745	5.637265	5.426937	5.313240	5.473343	5.758857	6.096405	6.600602	6.582974	6.465138	6.431219	6.350152	6.329169	6.530768	6.531734	6.608501	6.532678	6.232057	6.283414	6.223274	6.146258	5.990706	5.863397	5.760676	5.597779	5.521608	5.276109	5.124218	4.571779	4.395389	3.840818	2.941688	2.325435	1.008729	0.562436	0.442294	0.346718	0.287871	0.177425	0.128477	0.096566	0.064186	0.045182	0.030702	0.022288	0.015427	0.009393	0.007485	0.004738	0.003280	0.002624	0.001157	0.000826	0.000485	0.000426	0.000218	0.000133	0.000088	0.000035	0.000050	0.000017	0.000008	0.000011	0.000000	0.000000	0.000000	0.000000	0.000000	0.000000	0.000000	0.000000	0.000000
0.000000	0.000000	0.000000	0.000000	0.000000	0.000000	0.000000	0.000000	0.000000	0.000000	0.000000	0.000000	0.000000	0.000000	0.000000	0.000000	0.000000	0.734571	1.666756	2.584049	3.531684	4.269761	4.662735	5.057287	5.363975	6.015649	6.200721	6.365487	6.032837	5.924457	5.723409	5.566322	5.758857	6.062698	6.429068	6.953185	6.935221	6.813578	6.761758	6.696951	6.682151	6.872053	6.903415	6.941394	6.881589	6.563849	6.618078	6.542950	6.447448	6.321791	6.201875	6.069577	5.909580	5.803876	5.544387	5.393364	4.843396	4.622561	4.036260	3.097143	2.466922	1.064381	0.591517	0.462464	0.359606	0.306567	0.188025	0.136015	0.100396	0.067636	0.046534	0.033227	0.022508	0.015762	0.009891	0.007523	0.004270	0.003701	0.002594	0.001523	0.000847	0.000639	0.000452	0.000210	0.000196	0.000136	0.000114	0.000024	0.000015	0.000007	0.000004	0.000000	0.000000	0.000000	0.000000	0.000000	0.000000	0.000000	0.000000	0.000000
0.000000	0.000000	0.000000	0.000000	0.000000	0.000000	0.000000	0.000000	0.000000	0.000000	0.000000	0.000000	0.000000	0.000000	0.000000	0.000000	0.000000	0.779223	1.754318	2.751920	3.737407	4.530491	4.951826	5.367838	5.699143	6.379674	6.574764	6.742668	6.388746	6.290545	6.066947	5.920268	6.096405	6.429068	6.819224	7.372272	7.352603	7.217868	7.170799	7.085926	7.075355	7.273091	7.288841	7.363445	7.295262	6.960809	7.001265	6.924101	6.840497	6.652117	6.567729	6.420644	6.268091	6.146523	5.885145	5.711944	5.127189	4.890263	4.277147	3.281448	2.601080	1.128095	0.628282	0.487576	0.382157	0.324369	0.200775	0.143428	0.106994	0.074092	0.049289	0.034821	0.024016	0.016543	0.010463	0.008378	0.005058	0.004044	0.002774	0.001438	0.000918	0.000429	0.000417	0.000248	0.000178	0.000068	0.000080	0.000027	0.000019	0.000014	0.000029	0.000000	0.000000	0.000000	0.000000	0.000000	0.000000	0.000000	0.000000	0.000000
0.000000	0.000000	0.000000	0.000000	0.000000	0.000000	0.000000	0.000000	0.000000	0.000000	0.000000	0.000000	0.000000	0.000000	0.000000	0.000000	0.000000	0.841780	1.896371	2.971875	4.027175	4.891723	5.332916	5.803015	6.157686	6.895861	7.082289	7.279311	6.897881	6.761974	6.553905	6.390288	6.600602	6.953185	7.372272	7.946175	7.934618	7.792762	7.726092	7.670740	7.645275	7.844789	7.901456	7.945988	7.867788	7.537697	7.571780	7.501379	7.410153	7.199904	7.084798	6.939171	6.764783	6.661198	6.355971	6.183642	5.542832	5.287318	4.628106	3.545902	2.816418	1.214136	0.678478	0.525895	0.414199	0.352247	0.217373	0.154249	0.116968	0.079235	0.053349	0.037920	0.025472	0.017445	0.011708	0.008912	0.005370	0.004142	0.002553	0.001904	0.000926	0.000652	0.000429	0.000344	0.000255	0.000195	0.000042	0.000017	0.000020	0.000010	0.000007	0.000000	0.000000	0.000000	0.000000	0.000000	0.000000	0.000000	0.000000	0.000000
0.000000	0.000000	0.000000	0.000000	0.000000	0.000000	0.000000	0.000000	0.000000	0.000000	0.000000	0.000000	0.000000	0.000000	0.000000	0.000000	0.000000	0.843524	1.901100	2.950659	4.020012	4.902419	5.331201	5.779987	6.143574	6.885062	7.082302	7.275817	6.856987	6.763438	6.565579	6.397738	6.582974	6.935221	7.352603	7.934618	7.964878	7.788787	7.736928	7.669186	7.647727	7.862644	7.869134	7.948246	7.882865	7.534421	7.578378	7.479168	7.377725	7.209511	7.063963	6.930727	6.754206	6.649373	6.354772	6.191060	5.523021	5.282779	4.614975	3.542995	2.812832	1.218392	0.678986	0.527851	0.415962	0.346763	0.216744	0.157147	0.117112	0.078265	0.056134	0.038220	0.026697	0.018510	0.011167	0.009201	0.005144	0.004088	0.002844	0.001803	0.001035	0.000468	0.000433	0.000211	0.000310	0.000117	0.000085	0.000110	0.000065	0.000010	0.000011	0.000000	0.000000	0.000000	0.000000	0.000000	0.000000	0.000000	0.000000	0.000000
0.000000	0.000000	0.000000	0.000000	0.000000	0.000000	0.000000	0.000000	0.000000	0.000000	0.000000	0.000000	0.000000	0.000000	0.000000	0.000000	0.000000	0.830848	1.865917	2.912650	3.949700	4.804078	5.235845	5.666267	6.020787	6.734503	6.949800	7.130602	6.752258	6.636692	6.436134	6.271446	6.465138	6.813578	7.217868	7.792762	7.788787	7.645415	7.576373	7.519606	7.494703	7.706800	7.747086	7.808340	7.737661	7.402901	7.418553	7.355575	7.253724	7.060092	6.954184	6.808982	6.645424	6.529588	6.236522	6.073684	5.417977	5.187059	4.537340	3.476308	2.762469	1.195448	0.666786	0.516689	0.404705	0.344111	0.213936	0.151981	0.113947	0.077719	0.053143	0.037220	0.025534	0.018755	0.011242	0.008609	0.005553	0.003980	0.002817	0.001492	0.001117	0.000536	0.000617	0.000293	0.000184	0.000139	0.000094	0.000021	0.000024	0.000010	0.000027	0.000000	0.000000	0.000000	0.000000	0.000000	0.000000	0.000000	0.000000	0.000000
0.000000	0.000000	0.000000	0.000000	0.000000	0.000000	0.000000	0.000000	0.000000	0.000000	0.000000	0.000000	0.000000	0.000000	0.000000	0.000000	0.000000	0.821385	1.850966	2.890288	3.914587	4.768143	5.193542	5.629712	5.983868	6.699335	6.924108	7.091013	6.718356	6.588058	6.378074	6.229225	6.431219	6.761758	7.170799	7.726092	7.736928	7.576373	7.522256	7.449594	7.426317	7.675782	7.683710	7.750134	7.673471	7.333537	7.376642	7.283373	7.197360	7.009832	6.900474	6.740597	6.583192	6.475503	6.207377	6.027247	5.374393	5.141422	4.510224	3.444135	2.743451	1.187431	0.656554	0.510838	0.400515	0.341184	0.213243	0.153625	0.110005	0.077489	0.052578	0.037412	0.025635	0.018314	0.011312	0.008396	0.005149	0.004010	0.002604	0.001649	0.000873	0.000419	0.000511	0.000387	0.000290	0.000111	0.000056	0.000037	0.000020	0.000009	0.000007	0.000000	0.000000	0.000000	0.000000	0.000000	0.000000	0.000000	0.000000	0.000000
0.000000	0.000000	0.000000	0.000000	0.000000	0.000000	0.000000	0.000000	0.000000	0.000000	0.000000	0.000000	0.000000	0.000000	0.000000	0.000000	0.000000	0.813291	1.831810	2.865635	3.900926	4.719300	5.139112	5.593318	5.935053	6.630417	6.825599	7.023280	6.642730	6.551044	6.322906	6.164813	6.350152	6.696951	7.085926	7.670740	7.669186	7.519606	7.449594	7.380718	7.385640	7.596969	7.604072	7.659355	7.589742	7.263603	7.311623	7.209076	7.136668	6.962337	6.842920	6.685657	6.530756	6.400596	6.135579	5.969431	5.338226	5.089607	4.444190	3.417781	2.722663	1.174119	0.653192	0.511426	0.396261	0.334064	0.207271	0.151251	0.110475	0.076085	0.052984	0.037125	0.025362	0.017635	0.011416	0.008260	0.005644	0.003781	0.002488	0.001308	0.001076	0.000797	0.000504	0.000242	0.000166	0.000128	0.000012	0.000052	0.000020	0.000012	0.000029	0.000000	0.000000	0.000000	0.000000	0.000000	0.000000	0.000000	0.000000	0.000000
0.000000	0.000000	0.000000	0.000000	0.000000	0.000000	0.000000	0.000000	0.000000	0.000000	0.000000	0.000000	0.000000	0.000000	0.000000	0.000000	0.000000	0.814717	1.826611	2.862593	3.864695	4.696252	5.105302	5.569379	5.912493	6.597108	6.810796	6.970945	6.612419	6.481521	6.306459	6.143100	6.329169	6.682151	7.075355	7.645275	7.647727	7.494703	7.426317	7.385640	7.338946	7.577176	7.583977	7.626163	7.584703	7.242623	7.281162	7.199303	7.105753	6.937637	6.809584	6.669129	6.499741	6.384315	6.146125	5.952891	5.319054	5.094352	4.435930	3.400947	2.710108	1.169771	0.656962	0.507651	0.399095	0.336520	0.206913	0.148459	0.110921	0.076247	0.049237	0.037047	0.025270	0.017456	0.011546	0.008733	0.005611	0.003705	0.002534	0.001718	0.001053	0.000645	0.000379	0.000272	0.000266	0.000101	0.000125	0.000021	0.000022	0.000009	0.000033	0.000000	0.000000	0.000000	0.000000	0.000000	0.000000	0.000000	0.000000	0.000000
0.000000	0.000000	0.000000	0.000000	0.000000	0.000000	0.000000	0.000000	0.000000	0.000000	0.000000	0.000000	0.000000	0.000000	0.000000	0.000000	0.000000	0.837484	1.882537	2.942239	3.986631	4.847552	5.283920	5.734260	6.078146	6.796026	7.009544	7.201946	6.817234	6.704499	6.491946	6.332375	6.530768	6.872053	7.273091	7.844789	7.862644	7.706800	7.675782	7.596969	7.577176	7.765832	7.807861	7.877965	7.800834	7.454082	7.503700	7.408430	7.325887	7.138134	7.015997	6.869857	6.699734	6.583898	6.298842	6.125825	5.477051	5.237102	4.578444	3.516366	2.796371	1.211198	0.673169	0.517742	0.405693	0.344880	0.213675	0.154037	0.114078	0.077886	0.053345	0.036766	0.026468	0.017069	0.011417	0.008646	0.005878	0.003848	0.003046	0.001586	0.000874	0.000610	0.000561	0.000289	0.000272	0.000191	0.000076	0.000034	0.000023	0.000011	0.000009	0.000000	0.000000	0.000000	0.000000	0.000000	0.000000	0.000000	0.000000	0.000000
0.000000	0.000000	0.000000	0.000000	0.000000	0.000000	0.000000	0.000000	0.000000	0.000000	0.000000	0.000000	0.000000	0.000000	0.000000	0.000000	0.000000	0.839683	1.877905	2.951275	3.996167	4.865794	5.298675	5.753884	6.112136	6.822165	7.030094	7.214657	6.834402	6.700777	6.505434	6.342311	6.531734	6.903415	7.288841	7.901456	7.869134	7.747086	7.683710	7.604072	7.583977	7.807861	7.838818	7.889610	7.816630	7.481232	7.518799	7.436357	7.347848	7.154971	7.032594	6.886536	6.738296	6.595699	6.321115	6.145549	5.514512	5.252067	4.581334	3.521971	2.790539	1.209186	0.677330	0.523514	0.412373	0.343221	0.211863	0.155856	0.113544	0.076910	0.053788	0.037148	0.027223	0.018636	0.011616	0.008513	0.005240	0.003641	0.003059	0.001620	0.001107	0.000383	0.000491	0.000374	0.000185	0.000146	0.000040	0.000031	0.000020	0.000009	0.000029	0.000000	0.000000	0.000000	0.000000	0.000000	0.000000	0.000000	0.000000	0.000000
0.000000	0.000000	0.000000	0.000000	0.000000	0.000000	0.000000	0.000000	0.000000	0.000000	0.000000	0.000000	0.000000	0.000000	0.000000	0.000000	0.000000	0.843350	1.904028	2.983572	4.038729	4.899793	5.347634	5.786952	6.153769	6.882575	7.090889	7.255516	6.876240	6.785287	6.573930	6.387767	6.608501	6.941394	7.363445	7.945988	7.948246	7.808340	7.750134	7.659355	7.626163	7.877965	7.889610	7.990353	7.899338	7.546645	7.571089	7.500692	7.417337	7.224165	7.088212	6.942882	6.761964	6.661285	6.351559	6.191264	5.539254	5.307965	4.612348	3.555764	2.820568	1.220488	0.682263	0.526731	0.413774	0.348480	0.216368	0.153821	0.114420	0.077598	0.054829	0.038452	0.026339	0.019005	0.012022	0.009039	0.005432	0.003943	0.002999	0.001373	0.001013	0.000532	0.000502	0.000297	0.000165	0.000208	0.000042	0.000036	0.000021	0.000010	0.000031	0.000000	0.000000	0.000000	0.000000	0.000000	0.000000	0.000000	0.000000	0.000000
