6.049794	5.856846	5.729777	5.614679	5.494525	2.180923	2.151927	2.176401	2.262119	2.296813	1.265081	1.262248	1.271799	1.291070	1.305085	0.569878	0.592582	0.582824	0.585253	0.606933	6.590757	6.668035	6.755142	6.770039	6.666249	4.092156	4.099504	4.122631	4.031964	3.879685	3.287543	3.330944	3.380851	3.439857	3.585179	3.663223	3.732816	3.797352	3.854049	3.914427	2.390748	2.376685	2.412919	2.381578	2.375053	0.000000	0.000000	0.000000	0.000000	0.000000	0.000000	0.000000	0.000000	0.000000	0.000000	0.000000	0.000000	0.000000	0.000000	0.000000	0.000000	0.000000	0.000000	0.000000	0.000000	0.000000	0.000000	0.000000	0.000000	0.000000	0.000000	0.000000	0.000000	0.000000	0.000000	0.000000	0.000000	0.000000	0.000000	0.000000	0.000000	0.000000	0.000000	0.000000	0.000000	0.000000	0.000000	0.000000	0.000000	0.000000
5.856846	5.651901	5.524316	5.386407	5.285572	2.099297	2.094258	2.124407	2.162128	2.211802	1.207664	1.233437	1.234657	1.231964	1.272271	0.543747	0.569907	0.573302	0.567023	0.573002	6.369921	6.395936	6.545191	6.505382	6.407315	3.952910	3.926521	4.000585	3.867540	3.682170	3.183950	3.201531	3.280550	3.361106	3.490759	3.483928	3.617967	3.669356	3.709421	3.804087	2.296874	2.313570	2.298198	2.322633	2.287126	0.000000	0.000000	0.000000	0.000000	0.000000	0.000000	0.000000	0.000000	0.000000	0.000000	0.000000	0.000000	0.000000	0.000000	0.000000	0.000000	0.000000	0.000000	0.000000	0.000000	0.000000	0.000000	0.000000	0.000000	0.000000	0.000000	0.000000	0.000000	0.000000	0.000000	0.000000	0.000000	0.000000	0.000000	0.000000	0.000000	0.000000	0.000000	0.000000	0.000000	0.000000	0.000000	0.000000	0.000000	0.000000
5.729777	5.524316	5.366303	5.283286	5.134430	2.052875	2.014797	2.056719	2.123652	2.137386	1.171294	1.181795	1.185700	1.211592	1.248269	0.520659	0.544296	0.552304	0.548101	0.568347	6.158607	6.240662	6.379253	6.363090	6.300808	3.875858	3.833270	3.868832	3.790941	3.616810	3.095615	3.089879	3.185800	3.276813	3.386265	3.410202	3.518676	3.540553	3.604171	3.641578	2.219341	2.273909	2.287623	2.263925	2.223843	0.000000	0.000000	0.000000	0.000000	0.000000	0.000000	0.000000	0.000000	0.000000	0.000000	0.000000	0.000000	0.000000	0.000000	0.000000	0.000000	0.000000	0.000000	0.000000	0.000000	0.000000	0.000000	0.000000	0.000000	0.000000	0.000000	0.000000	0.000000	0.000000	0.000000	0.000000	0.000000	0.000000	0.000000	0.000000	0.000000	0.000000	0.000000	0.000000	0.000000	0.000000	0.000000	0.000000	0.000000	0.000000
5.614679	5.386407	5.283286	5.136281	5.060734	2.001702	1.983055	2.025498	2.079203	2.118099	1.160054	1.171398	1.161876	1.190222	1.213427	0.523072	0.527749	0.537542	0.546370	0.563124	6.085027	6.088784	6.233637	6.241496	6.111946	3.740472	3.787162	3.844171	3.728488	3.581103	3.035143	3.058253	3.111846	3.217132	3.303557	3.324261	3.476469	3.532753	3.552520	3.628067	2.204299	2.223146	2.210613	2.226712	2.186085	0.000000	0.000000	0.000000	0.000000	0.000000	0.000000	0.000000	0.000000	0.000000	0.000000	0.000000	0.000000	0.000000	0.000000	0.000000	0.000000	0.000000	0.000000	0.000000	0.000000	0.000000	0.000000	0.000000	0.000000	0.000000	0.000000	0.000000	0.000000	0.000000	0.000000	0.000000	0.000000	0.000000	0.000000	0.000000	0.000000	0.000000	0.000000	0.000000	0.000000	0.000000	0.000000	0.000000	0.000000	0.000000
5.494525	5.285572	5.134430	5.060734	4.961356	1.974095	1.943003	1.977865	2.016447	2.056800	1.123600	1.143665	1.152890	1.160687	1.187767	0.505688	0.525369	0.524687	0.527445	0.558295	5.968395	6.017177	6.114853	6.108509	6.020876	3.694040	3.689324	3.724483	3.630409	3.475901	2.978456	2.990572	3.032707	3.168710	3.254587	3.277962	3.397127	3.427690	3.461214	3.525152	2.133616	2.196821	2.172706	2.150658	2.102220	0.000000	0.000000	0.000000	0.000000	0.000000	0.000000	0.000000	0.000000	0.000000	0.000000	0.000000	0.000000	0.000000	0.000000	0.000000	0.000000	0.000000	0.000000	0.000000	0.000000	0.000000	0.000000	0.000000	0.000000	0.000000	0.000000	0.000000	0.000000	0.000000	0.000000	0.000000	0.000000	0.000000	0.000000	0.000000	0.000000	0.000000	0.000000	0.000000	0.000000	0.000000	0.000000	0.000000	0.000000	0.000000
2.180923	2.099297	2.052875	2.001702	1.974095	3.694706	3.604398	3.671601	3.750989	3.873154	2.396992	2.438543	2.420225	2.456795	2.498159	1.215817	1.272135	1.272843	1.261095	1.303783	0.316680	0.314888	0.331354	0.319142	0.314736	3.559549	3.558011	3.607812	3.512836	3.337530	3.122957	3.097572	3.230394	3.253133	3.403962	3.112376	3.246127	3.240107	3.298496	3.366694	3.329643	3.330460	3.379999	3.327908	3.281493	2.405535	2.314455	2.258023	2.188581	2.138661	0.000000	0.000000	0.000000	0.000000	0.000000	0.000000	0.000000	0.000000	0.000000	0.000000	0.000000	0.000000	0.000000	0.000000	0.000000	0.000000	0.000000	0.000000	0.000000	0.000000	0.000000	0.000000	0.000000	0.000000	0.000000	0.000000	0.000000	0.000000	0.000000	0.000000	0.000000	0.000000	0.000000	0.000000	0.000000	0.000000	0.000000	0.000000	0.000000	0.000000
2.151927	2.094258	2.014797	1.983055	1.943003	3.604398	3.544180	3.628606	3.714619	3.792769	2.349401	2.378106	2.381494	2.424263	2.455058	1.228346	1.242471	1.243259	1.258017	1.272881	0.314258	0.312126	0.314394	0.312775	0.314219	3.517710	3.535882	3.575650	3.432548	3.335163	3.069710	3.045421	3.133380	3.217283	3.298098	3.088667	3.160538	3.247465	3.233055	3.322101	3.273079	3.286641	3.329381	3.299604	3.251247	2.367686	2.289907	2.222167	2.149941	2.110764	0.000000	0.000000	0.000000	0.000000	0.000000	0.000000	0.000000	0.000000	0.000000	0.000000	0.000000	0.000000	0.000000	0.000000	0.000000	0.000000	0.000000	0.000000	0.000000	0.000000	0.000000	0.000000	0.000000	0.000000	0.000000	0.000000	0.000000	0.000000	0.000000	0.000000	0.000000	0.000000	0.000000	0.000000	0.000000	0.000000	0.000000	0.000000	0.000000	0.000000
2.176401	2.124407	2.056719	2.025498	1.977865	3.671601	3.628606	3.682438	3.768592	3.856145	2.412841	2.430887	2.412163	2.472874	2.516228	1.220407	1.250682	1.268579	1.266383	1.308224	0.312711	0.317162	0.326170	0.322969	0.324691	3.599559	3.582191	3.634656	3.506589	3.373251	3.090357	3.081032	3.193856	3.290291	3.395509	3.146724	3.244386	3.283663	3.298977	3.378778	3.321225	3.336823	3.368406	3.337776	3.296193	2.420894	2.322207	2.269199	2.216786	2.162279	0.000000	0.000000	0.000000	0.000000	0.000000	0.000000	0.000000	0.000000	0.000000	0.000000	0.000000	0.000000	0.000000	0.000000	0.000000	0.000000	0.000000	0.000000	0.000000	0.000000	0.000000	0.000000	0.000000	0.000000	0.000000	0.000000	0.000000	0.000000	0.000000	0.000000	0.000000	0.000000	0.000000	0.000000	0.000000	0.000000	0.000000	0.000000	0.000000	0.000000
2.262119	2.162128	2.123652	2.079203	2.016447	3.750989	3.714619	3.768592	3.822724	3.950090	2.456527	2.451582	2.485326	2.510026	2.553379	1.257355	1.304516	1.298376	1.303292	1.349023	0.320169	0.323635	0.334636	0.329161	0.332181	3.685910	3.676139	3.683917	3.615441	3.435229	3.167183	3.166685	3.270288	3.370590	3.473753	3.208188	3.305443	3.338774	3.398855	3.442141	3.413038	3.461944	3.451550	3.409043	3.365266	2.423110	2.406808	2.314455	2.247174	2.220319	0.000000	0.000000	0.000000	0.000000	0.000000	0.000000	0.000000	0.000000	0.000000	0.000000	0.000000	0.000000	0.000000	0.000000	0.000000	0.000000	0.000000	0.000000	0.000000	0.000000	0.000000	0.000000	0.000000	0.000000	0.000000	0.000000	0.000000	0.000000	0.000000	0.000000	0.000000	0.000000	0.000000	0.000000	0.000000	0.000000	0.000000	0.000000	0.000000	0.000000
2.296813	2.211802	2.137386	2.118099	2.056800	3.873154	3.792769	3.856145	3.950090	4.032042	2.513879	2.535020	2.522975	2.579626	2.634563	1.273482	1.336477	1.338154	1.347308	1.367175	0.332123	0.333719	0.348012	0.327998	0.324271	3.762064	3.775298	3.796432	3.684699	3.532617	3.241298	3.254299	3.358274	3.451479	3.563554	3.281803	3.407376	3.424040	3.452086	3.556102	3.482762	3.510872	3.538412	3.505804	3.447583	2.484251	2.456753	2.381287	2.308260	2.260062	0.000000	0.000000	0.000000	0.000000	0.000000	0.000000	0.000000	0.000000	0.000000	0.000000	0.000000	0.000000	0.000000	0.000000	0.000000	0.000000	0.000000	0.000000	0.000000	0.000000	0.000000	0.000000	0.000000	0.000000	0.000000	0.000000	0.000000	0.000000	0.000000	0.000000	0.000000	0.000000	0.000000	0.000000	0.000000	0.000000	0.000000	0.000000	0.000000	0.000000
1.265081	1.207664	1.171294	1.160054	1.123600	2.396992	2.349401	2.412841	2.456527	2.513879	3.750494	3.780198	3.787775	3.840221	3.916446	2.341778	2.417583	2.407673	2.401565	2.440823	0.651552	0.666326	0.660784	0.672974	0.650015	0.146155	0.142608	0.146930	0.150170	0.132263	3.373044	3.421953	3.513143	3.607576	3.760375	3.588199	3.745798	3.776525	3.814084	3.885641	3.648994	3.655325	3.698879	3.684502	3.606730	3.467080	3.315479	3.282811	3.146330	3.098196	1.971104	1.882253	1.838838	1.782232	1.785243	0.000000	0.000000	0.000000	0.000000	0.000000	0.000000	0.000000	0.000000	0.000000	0.000000	0.000000	0.000000	0.000000	0.000000	0.000000	0.000000	0.000000	0.000000	0.000000	0.000000	0.000000	0.000000	0.000000	0.000000	0.000000	0.000000	0.000000	0.000000	0.000000	0.000000	0.000000	0.000000	0.000000	0.000000	0.000000
1.262248	1.233437	1.181795	1.171398	1.143665	2.438543	2.378106	2.430887	2.451582	2.535020	3.780198	3.875018	3.834533	3.875263	3.937092	2.344656	2.408959	2.454605	2.421795	2.483485	0.662667	0.673268	0.688824	0.679673	0.673145	0.143858	0.147208	0.152247	0.149421	0.137857	3.437008	3.479186	3.592611	3.655054	3.799878	3.649598	3.771079	3.806916	3.845919	3.922089	3.674263	3.715329	3.714257	3.749606	3.656146	3.459128	3.413565	3.296089	3.206036	3.161562	1.985110	1.908461	1.856855	1.841474	1.831019	0.000000	0.000000	0.000000	0.000000	0.000000	0.000000	0.000000	0.000000	0.000000	0.000000	0.000000	0.000000	0.000000	0.000000	0.000000	0.000000	0.000000	0.000000	0.000000	0.000000	0.000000	0.000000	0.000000	0.000000	0.000000	0.000000	0.000000	0.000000	0.000000	0.000000	0.000000	0.000000	0.000000	0.000000	0.000000
1.271799	1.234657	1.185700	1.161876	1.152890	2.420225	2.381494	2.412163	2.485326	2.522975	3.787775	3.834533	3.848093	3.882518	3.948908	2.365302	2.426514	2.445865	2.422577	2.471247	0.657373	0.660703	0.680842	0.675516	0.663297	0.148762	0.145461	0.152483	0.141494	0.135703	3.419276	3.459202	3.574933	3.672603	3.813906	3.647189	3.795737	3.805640	3.846742	3.923562	3.688756	3.718740	3.725823	3.698481	3.644837	3.512016	3.410064	3.251470	3.175510	3.166094	1.972894	1.911682	1.860861	1.826697	1.826093	0.000000	0.000000	0.000000	0.000000	0.000000	0.000000	0.000000	0.000000	0.000000	0.000000	0.000000	0.000000	0.000000	0.000000	0.000000	0.000000	0.000000	0.000000	0.000000	0.000000	0.000000	0.000000	0.000000	0.000000	0.000000	0.000000	0.000000	0.000000	0.000000	0.000000	0.000000	0.000000	0.000000	0.000000	0.000000
1.291070	1.231964	1.211592	1.190222	1.160687	2.456795	2.424263	2.472874	2.510026	2.579626	3.840221	3.875263	3.882518	3.946065	4.007629	2.363790	2.435674	2.447467	2.459744	2.514409	0.668177	0.664669	0.679004	0.692948	0.674369	0.150826	0.151711	0.150645	0.144595	0.144026	3.543331	3.520666	3.601571	3.702558	3.867689	3.690778	3.834804	3.866265	3.895577	3.966062	3.717332	3.750927	3.758718	3.748495	3.705975	3.545747	3.439596	3.330008	3.259490	3.168643	2.019270	1.921504	1.884369	1.844174	1.840508	0.000000	0.000000	0.000000	0.000000	0.000000	0.000000	0.000000	0.000000	0.000000	0.000000	0.000000	0.000000	0.000000	0.000000	0.000000	0.000000	0.000000	0.000000	0.000000	0.000000	0.000000	0.000000	0.000000	0.000000	0.000000	0.000000	0.000000	0.000000	0.000000	0.000000	0.000000	0.000000	0.000000	0.000000	0.000000
1.305085	1.272271	1.248269	1.213427	1.187767	2.498159	2.455058	2.516228	2.553379	2.634563	3.916446	3.937092	3.948908	4.007629	4.088742	2.418164	2.496466	2.513124	2.516841	2.547817	0.686856	0.685371	0.693778	0.691747	0.678122	0.156010	0.153209	0.157302	0.145977	0.138203	3.530233	3.567650	3.669553	3.783667	3.924692	3.780075	3.926369	3.925264	3.968902	4.061933	3.782888	3.809927	3.856258	3.819339	3.771796	3.630680	3.517080	3.392076	3.300854	3.245498	2.043479	1.970491	1.900154	1.890758	1.906423	0.000000	0.000000	0.000000	0.000000	0.000000	0.000000	0.000000	0.000000	0.000000	0.000000	0.000000	0.000000	0.000000	0.000000	0.000000	0.000000	0.000000	0.000000	0.000000	0.000000	0.000000	0.000000	0.000000	0.000000	0.000000	0.000000	0.000000	0.000000	0.000000	0.000000	0.000000	0.000000	0.000000	0.000000	0.000000
0.569878	0.543747	0.520659	0.523072	0.505688	1.215817	1.228346	1.220407	1.257355	1.273482	2.341778	2.344656	2.365302	2.363790	2.418164	3.984186	4.091435	4.113668	4.124805	4.198536	1.870215	1.882260	1.901724	1.922638	1.861342	1.091012	1.086910	1.095085	1.054242	1.030604	0.576299	0.584949	0.604042	0.612802	0.664992	3.783147	3.911394	3.957296	3.974490	4.104662	4.253589	4.303547	4.278518	4.265695	4.231405	3.781089	3.661824	3.521467	3.433856	3.357023	2.919166	2.803857	2.707264	2.644236	2.680199	1.838344	1.805434	1.807146	1.880309	1.957438	0.000000	0.000000	0.000000	0.000000	0.000000	0.000000	0.000000	0.000000	0.000000	0.000000	0.000000	0.000000	0.000000	0.000000	0.000000	0.000000	0.000000	0.000000	0.000000	0.000000	0.000000	0.000000	0.000000	0.000000	0.000000	0.000000	0.000000	0.000000	0.000000	0.000000
0.592582	0.569907	0.544296	0.527749	0.525369	1.272135	1.242471	1.250682	1.304516	1.336477	2.417583	2.408959	2.426514	2.435674	2.496466	4.091435	4.221864	4.250320	4.211240	4.332278	1.911504	1.921882	1.963727	1.954925	1.918714	1.125195	1.129220	1.138820	1.090218	1.065498	0.592805	0.600399	0.615079	0.630021	0.673743	3.904376	4.062892	4.067914	4.107337	4.211217	4.394198	4.406233	4.422583	4.402890	4.339581	3.863694	3.757303	3.658801	3.535304	3.518091	2.986253	2.878022	2.760381	2.765036	2.735119	1.847724	1.836687	1.878739	1.923875	2.046780	0.000000	0.000000	0.000000	0.000000	0.000000	0.000000	0.000000	0.000000	0.000000	0.000000	0.000000	0.000000	0.000000	0.000000	0.000000	0.000000	0.000000	0.000000	0.000000	0.000000	0.000000	0.000000	0.000000	0.000000	0.000000	0.000000	0.000000	0.000000	0.000000	0.000000
0.582824	0.573302	0.552304	0.537542	0.524687	1.272843	1.243259	1.268579	1.298376	1.338154	2.407673	2.454605	2.445865	2.447467	2.513124	4.113668	4.250320	4.265449	4.237826	4.356604	1.922273	1.944835	1.964502	1.944912	1.936240	1.124259	1.139731	1.132314	1.107492	1.047090	0.616775	0.621103	0.619249	0.646052	0.664673	3.924773	4.062346	4.100008	4.135173	4.234903	4.422819	4.454428	4.469354	4.454415	4.374420	3.905480	3.806057	3.664127	3.562159	3.531283	2.986066	2.873975	2.788867	2.767675	2.768479	1.864721	1.849820	1.881959	1.950481	2.048647	0.000000	0.000000	0.000000	0.000000	0.000000	0.000000	0.000000	0.000000	0.000000	0.000000	0.000000	0.000000	0.000000	0.000000	0.000000	0.000000	0.000000	0.000000	0.000000	0.000000	0.000000	0.000000	0.000000	0.000000	0.000000	0.000000	0.000000	0.000000	0.000000	0.000000
0.585253	0.567023	0.548101	0.546370	0.527445	1.261095	1.258017	1.266383	1.303292	1.347308	2.401565	2.421795	2.422577	2.459744	2.516841	4.124805	4.211240	4.237826	4.323880	4.347246	1.921843	1.935254	1.950568	1.960187	1.935015	1.107120	1.131239	1.126849	1.078874	1.078871	0.598690	0.600689	0.606581	0.619469	0.673071	3.896775	4.101872	4.104614	4.104301	4.226931	4.413714	4.427586	4.442338	4.453785	4.349624	3.902744	3.806942	3.705255	3.576051	3.474260	3.011612	2.890131	2.780915	2.750339	2.764526	1.861726	1.863199	1.894511	1.942632	2.041751	0.000000	0.000000	0.000000	0.000000	0.000000	0.000000	0.000000	0.000000	0.000000	0.000000	0.000000	0.000000	0.000000	0.000000	0.000000	0.000000	0.000000	0.000000	0.000000	0.000000	0.000000	0.000000	0.000000	0.000000	0.000000	0.000000	0.000000	0.000000	0.000000	0.000000
0.606933	0.573002	0.568347	0.563124	0.558295	1.303783	1.272881	1.308224	1.349023	1.367175	2.440823	2.483485	2.471247	2.514409	2.547817	4.198536	4.332278	4.356604	4.347246	4.412996	1.976395	1.969945	2.008447	2.003760	1.975888	1.134466	1.141484	1.159124	1.103868	1.083241	0.623713	0.619000	0.637479	0.644301	0.684708	3.988763	4.177257	4.172651	4.232820	4.307901	4.498653	4.571477	4.539484	4.536076	4.469131	3.984661	3.845906	3.773385	3.639269	3.586923	3.027394	2.925122	2.849624	2.838522	2.799394	1.930707	1.910739	1.949615	1.986486	2.075676	0.000000	0.000000	0.000000	0.000000	0.000000	0.000000	0.000000	0.000000	0.000000	0.000000	0.000000	0.000000	0.000000	0.000000	0.000000	0.000000	0.000000	0.000000	0.000000	0.000000	0.000000	0.000000	0.000000	0.000000	0.000000	0.000000	0.000000	0.000000	0.000000	0.000000
6.590757	6.369921	6.158607	6.085027	5.968395	0.316680	0.314258	0.312711	0.320169	0.332123	0.651552	0.662667	0.657373	0.668177	0.686856	1.870215	1.911504	1.922273	1.921843	1.976395	3.831917	3.834304	3.883494	3.891481	3.800375	2.944247	2.953866	2.983304	2.875425	2.777601	1.907903	1.899715	1.943559	1.989974	2.079039	1.704218	1.744984	1.782010	1.817042	1.805430	2.351759	2.374382	2.391394	2.379272	2.332382	2.448074	2.405771	2.322756	2.256276	2.216825	1.788944	1.732632	1.664831	1.654644	1.652399	1.495129	1.453142	1.505575	1.547216	1.611949	1.479399	1.375173	1.199315	1.173181	1.113764	0.000000	0.000000	0.000000	0.000000	0.000000	0.000000	0.000000	0.000000	0.000000	0.000000	0.000000	0.000000	0.000000	0.000000	0.000000	0.000000	0.000000	0.000000	0.000000	0.000000	0.000000	0.000000	0.000000	0.000000	0.000000
6.668035	6.395936	6.240662	6.088784	6.017177	0.314888	0.312126	0.317162	0.323635	0.333719	0.666326	0.673268	0.660703	0.664669	0.685371	1.882260	1.921882	1.944835	1.935254	1.969945	3.834304	3.882764	3.866103	3.881943	3.821325	2.954564	2.975733	2.972681	2.927580	2.769681	1.890725	1.920648	1.936204	2.002077	2.086975	1.675383	1.766098	1.768305	1.813018	1.828761	2.366139	2.386953	2.392818	2.381326	2.368306	2.468621	2.416259	2.346264	2.261596	2.216143	1.800175	1.744296	1.681743	1.652928	1.640486	1.482354	1.483876	1.510960	1.555663	1.647131	1.495446	1.377582	1.206947	1.206666	1.140622	0.000000	0.000000	0.000000	0.000000	0.000000	0.000000	0.000000	0.000000	0.000000	0.000000	0.000000	0.000000	0.000000	0.000000	0.000000	0.000000	0.000000	0.000000	0.000000	0.000000	0.000000	0.000000	0.000000	0.000000	0.000000
6.755142	6.545191	6.379253	6.233637	6.114853	0.331354	0.314394	0.326170	0.334636	0.348012	0.660784	0.688824	0.680842	0.679004	0.693778	1.901724	1.963727	1.964502	1.950568	2.008447	3.883494	3.866103	3.958417	3.956628	3.882392	2.986405	2.981692	3.043279	2.985801	2.838641	1.973049	1.959822	2.004306	2.057598	2.115153	1.739832	1.785902	1.811374	1.845379	1.864339	2.426269	2.460578	2.440015	2.414431	2.392550	2.496308	2.449173	2.368403	2.325069	2.270759	1.822611	1.765136	1.702235	1.689909	1.688410	1.522242	1.512067	1.558602	1.589491	1.680426	1.515840	1.417961	1.230103	1.224044	1.166501	0.000000	0.000000	0.000000	0.000000	0.000000	0.000000	0.000000	0.000000	0.000000	0.000000	0.000000	0.000000	0.000000	0.000000	0.000000	0.000000	0.000000	0.000000	0.000000	0.000000	0.000000	0.000000	0.000000	0.000000	0.000000
6.770039	6.505382	6.363090	6.241496	6.108509	0.319142	0.312775	0.322969	0.329161	0.327998	0.672974	0.679673	0.675516	0.692948	0.691747	1.922638	1.954925	1.944912	1.960187	2.003760	3.891481	3.881943	3.956628	3.976344	3.860990	3.002487	3.051768	3.021034	3.005578	2.830431	1.931579	1.940532	1.995798	2.064116	2.140961	1.724644	1.819701	1.792827	1.814772	1.843470	2.407040	2.407793	2.429860	2.424062	2.390073	2.528088	2.459541	2.368073	2.294267	2.285091	1.830702	1.752442	1.706986	1.669860	1.669692	1.493556	1.534167	1.546215	1.575592	1.658100	1.549280	1.418772	1.217409	1.215203	1.134359	0.000000	0.000000	0.000000	0.000000	0.000000	0.000000	0.000000	0.000000	0.000000	0.000000	0.000000	0.000000	0.000000	0.000000	0.000000	0.000000	0.000000	0.000000	0.000000	0.000000	0.000000	0.000000	0.000000	0.000000	0.000000
6.666249	6.407315	6.300808	6.111946	6.020876	0.314736	0.314219	0.324691	0.332181	0.324271	0.650015	0.673145	0.663297	0.674369	0.678122	1.861342	1.918714	1.936240	1.935015	1.975888	3.800375	3.821325	3.882392	3.860990	3.824081	2.968453	2.916068	2.995892	2.890761	2.778889	1.899640	1.921323	1.961020	2.021150	2.109401	1.705794	1.766018	1.781018	1.827491	1.826823	2.359856	2.393022	2.384359	2.403242	2.337831	2.482468	2.439085	2.322414	2.269936	2.244961	1.792691	1.729425	1.673649	1.650845	1.634621	1.488372	1.495255	1.512135	1.568741	1.624042	1.503472	1.371284	1.209835	1.208475	1.136262	0.000000	0.000000	0.000000	0.000000	0.000000	0.000000	0.000000	0.000000	0.000000	0.000000	0.000000	0.000000	0.000000	0.000000	0.000000	0.000000	0.000000	0.000000	0.000000	0.000000	0.000000	0.000000	0.000000	0.000000	0.000000
4.092156	3.952910	3.875858	3.740472	3.694040	3.559549	3.517710	3.599559	3.685910	3.762064	0.146155	0.143858	0.148762	0.150826	0.156010	1.091012	1.125195	1.124259	1.107120	1.134466	2.944247	2.954564	2.986405	3.002487	2.968453	3.429554	3.440368	3.470862	3.361946	3.234341	2.159954	2.173888	2.263095	2.301367	2.391911	1.825350	1.923911	1.912128	1.943048	1.991851	1.981534	1.992981	2.009638	2.004445	1.995378	1.675135	1.622020	1.575695	1.538024	1.501586	1.514739	1.469861	1.411459	1.396652	1.366671	1.179889	1.196475	1.209883	1.224299	1.273311	1.447826	1.340040	1.202716	1.167008	1.113574	0.846555	0.752138	0.762552	0.774051	0.745746	0.000000	0.000000	0.000000	0.000000	0.000000	0.000000	0.000000	0.000000	0.000000	0.000000	0.000000	0.000000	0.000000	0.000000	0.000000	0.000000	0.000000	0.000000	0.000000	0.000000
4.099504	3.926521	3.833270	3.787162	3.689324	3.558011	3.535882	3.582191	3.676139	3.775298	0.142608	0.147208	0.145461	0.151711	0.153209	1.086910	1.129220	1.139731	1.131239	1.141484	2.953866	2.975733	2.981692	3.051768	2.916068	3.440368	3.392996	3.458207	3.407415	3.237484	2.149999	2.182603	2.220668	2.333399	2.370370	1.828363	1.903571	1.933013	1.939896	1.970639	1.978604	1.991327	2.029616	2.018324	1.968110	1.671162	1.615748	1.581109	1.531958	1.525310	1.508770	1.442554	1.427405	1.393720	1.404550	1.207638	1.181553	1.210658	1.227258	1.284132	1.471285	1.336726	1.189770	1.171446	1.115825	0.838034	0.787811	0.770033	0.777135	0.752775	0.000000	0.000000	0.000000	0.000000	0.000000	0.000000	0.000000	0.000000	0.000000	0.000000	0.000000	0.000000	0.000000	0.000000	0.000000	0.000000	0.000000	0.000000	0.000000	0.000000
4.122631	4.000585	3.868832	3.844171	3.724483	3.607812	3.575650	3.634656	3.683917	3.796432	0.146930	0.152247	0.152483	0.150645	0.157302	1.095085	1.138820	1.132314	1.126849	1.159124	2.983304	2.972681	3.043279	3.021034	2.995892	3.470862	3.458207	3.525879	3.402522	3.237129	2.179121	2.219176	2.254713	2.312756	2.386530	1.878881	1.901598	1.968604	1.978033	2.017704	2.040976	2.031406	2.039410	2.022878	2.000087	1.703268	1.643455	1.590176	1.552785	1.508388	1.524545	1.464880	1.429754	1.402227	1.386933	1.183190	1.191921	1.208740	1.249968	1.306370	1.490174	1.358105	1.225710	1.170642	1.137227	0.833825	0.781021	0.773964	0.773443	0.758899	0.000000	0.000000	0.000000	0.000000	0.000000	0.000000	0.000000	0.000000	0.000000	0.000000	0.000000	0.000000	0.000000	0.000000	0.000000	0.000000	0.000000	0.000000	0.000000	0.000000
4.031964	3.867540	3.790941	3.728488	3.630409	3.512836	3.432548	3.506589	3.615441	3.684699	0.150170	0.149421	0.141494	0.144595	0.145977	1.054242	1.090218	1.107492	1.078874	1.103868	2.875425	2.927580	2.985801	3.005578	2.890761	3.361946	3.407415	3.402522	3.306522	3.143258	2.122324	2.135409	2.209292	2.249874	2.372295	1.808299	1.857615	1.917250	1.912683	1.965933	1.979344	2.001634	2.003227	1.959276	1.954460	1.662496	1.600822	1.542436	1.484451	1.475759	1.464964	1.430674	1.385706	1.369039	1.345689	1.153894	1.155254	1.146982	1.205019	1.247006	1.437861	1.347182	1.169085	1.151704	1.097631	0.842798	0.752836	0.746909	0.768463	0.737174	0.000000	0.000000	0.000000	0.000000	0.000000	0.000000	0.000000	0.000000	0.000000	0.000000	0.000000	0.000000	0.000000	0.000000	0.000000	0.000000	0.000000	0.000000	0.000000	0.000000
3.879685	3.682170	3.616810	3.581103	3.475901	3.337530	3.335163	3.373251	3.435229	3.532617	0.132263	0.137857	0.135703	0.144026	0.138203	1.030604	1.065498	1.047090	1.078871	1.083241	2.777601	2.769681	2.838641	2.830431	2.778889	3.234341	3.237484	3.237129	3.143258	2.981550	2.052656	2.063244	2.107485	2.149437	2.244131	1.750174	1.810130	1.829701	1.846791	1.863790	1.869184	1.872999	1.903364	1.889611	1.879301	1.563279	1.527504	1.479196	1.433601	1.397389	1.427593	1.373968	1.309397	1.299884	1.310585	1.109969	1.089552	1.123761	1.145280	1.206304	1.385257	1.276764	1.116920	1.092714	1.032026	0.774335	0.734871	0.723310	0.719764	0.717700	0.000000	0.000000	0.000000	0.000000	0.000000	0.000000	0.000000	0.000000	0.000000	0.000000	0.000000	0.000000	0.000000	0.000000	0.000000	0.000000	0.000000	0.000000	0.000000	0.000000
3.287543	3.183950	3.095615	3.035143	2.978456	3.122957	3.069710	3.090357	3.167183	3.241298	3.373044	3.437008	3.419276	3.543331	3.530233	0.576299	0.592805	0.616775	0.598690	0.623713	1.907903	1.890725	1.973049	1.931579	1.899640	2.159954	2.149999	2.179121	2.122324	2.052656	1.755436	1.759751	1.772907	1.850896	1.912660	1.583470	1.672657	1.665316	1.666071	1.713950	1.654182	1.694838	1.664708	1.683339	1.648723	1.794791	1.755359	1.716179	1.677535	1.612531	1.135089	1.077294	1.059574	1.040656	1.030162	0.925335	0.900919	0.928093	0.969221	1.004567	0.937150	0.870980	0.778637	0.745869	0.718136	0.727002	0.653468	0.630386	0.653888	0.619843	0.453258	0.447444	0.424443	0.405784	0.383794	0.000000	0.000000	0.000000	0.000000	0.000000	0.000000	0.000000	0.000000	0.000000	0.000000	0.000000	0.000000	0.000000	0.000000	0.000000
3.330944	3.201531	3.089879	3.058253	2.990572	3.097572	3.045421	3.081032	3.166685	3.254299	3.421953	3.479186	3.459202	3.520666	3.567650	0.584949	0.600399	0.621103	0.600689	0.619000	1.899715	1.920648	1.959822	1.940532	1.921323	2.173888	2.182603	2.219176	2.135409	2.063244	1.759751	1.782013	1.808741	1.839549	1.903390	1.601507	1.654595	1.664237	1.692755	1.713992	1.640758	1.691398	1.686020	1.688381	1.649246	1.817737	1.758653	1.712593	1.639808	1.620664	1.128445	1.097217	1.068896	1.037523	1.047604	0.924750	0.924444	0.921317	0.958588	1.017617	0.928840	0.855131	0.754755	0.733446	0.716046	0.710697	0.661003	0.642796	0.637883	0.636930	0.464938	0.447293	0.439977	0.395919	0.404821	0.000000	0.000000	0.000000	0.000000	0.000000	0.000000	0.000000	0.000000	0.000000	0.000000	0.000000	0.000000	0.000000	0.000000	0.000000
3.380851	3.280550	3.185800	3.111846	3.032707	3.230394	3.133380	3.193856	3.270288	3.358274	3.513143	3.592611	3.574933	3.601571	3.669553	0.604042	0.615079	0.619249	0.606581	0.637479	1.943559	1.936204	2.004306	1.995798	1.961020	2.263095	2.220668	2.254713	2.209292	2.107485	1.772907	1.808741	1.841826	1.881087	1.972955	1.638351	1.703317	1.692845	1.731650	1.750866	1.718779	1.752064	1.731547	1.739583	1.714011	1.848732	1.811254	1.731111	1.706356	1.673342	1.180842	1.121478	1.100156	1.068134	1.077456	0.945975	0.925884	0.938546	0.987180	1.020682	0.953804	0.869730	0.763666	0.763841	0.741776	0.740720	0.677147	0.671378	0.680784	0.656242	0.479354	0.460781	0.441017	0.413164	0.395774	0.000000	0.000000	0.000000	0.000000	0.000000	0.000000	0.000000	0.000000	0.000000	0.000000	0.000000	0.000000	0.000000	0.000000	0.000000
3.439857	3.361106	3.276813	3.217132	3.168710	3.253133	3.217283	3.290291	3.370590	3.451479	3.607576	3.655054	3.672603	3.702558	3.783667	0.612802	0.630021	0.646052	0.619469	0.644301	1.989974	2.002077	2.057598	2.064116	2.021150	2.301367	2.333399	2.312756	2.249874	2.149437	1.850896	1.839549	1.881087	1.929515	2.050207	1.669563	1.752561	1.762878	1.753114	1.809516	1.768595	1.784981	1.788050	1.769597	1.757700	1.906866	1.871313	1.797339	1.752784	1.709586	1.198142	1.153510	1.129191	1.107627	1.130929	0.991802	0.938145	0.973889	1.036464	1.060737	0.984215	0.913067	0.801603	0.792917	0.750129	0.750814	0.689589	0.691081	0.695839	0.675396	0.484021	0.466198	0.464602	0.428290	0.418723	0.000000	0.000000	0.000000	0.000000	0.000000	0.000000	0.000000	0.000000	0.000000	0.000000	0.000000	0.000000	0.000000	0.000000	0.000000
3.585179	3.490759	3.386265	3.303557	3.254587	3.403962	3.298098	3.395509	3.473753	3.563554	3.760375	3.799878	3.813906	3.867689	3.924692	0.664992	0.673743	0.664673	0.673071	0.684708	2.079039	2.086975	2.115153	2.140961	2.109401	2.391911	2.370370	2.386530	2.372295	2.244131	1.912660	1.903390	1.972955	2.050207	2.109491	1.737338	1.763860	1.845586	1.848367	1.894295	1.831542	1.860231	1.861746	1.849856	1.831745	1.962755	1.937735	1.859604	1.827546	1.773857	1.259403	1.213210	1.175031	1.164017	1.140793	0.993172	1.024393	1.015462	1.038321	1.095512	1.028683	0.947835	0.827724	0.832223	0.787161	0.776525	0.713588	0.713220	0.708507	0.719554	0.512897	0.480429	0.463452	0.440836	0.420202	0.000000	0.000000	0.000000	0.000000	0.000000	0.000000	0.000000	0.000000	0.000000	0.000000	0.000000	0.000000	0.000000	0.000000	0.000000
3.663223	3.483928	3.410202	3.324261	3.277962	3.112376	3.088667	3.146724	3.208188	3.281803	3.588199	3.649598	3.647189	3.690778	3.780075	3.783147	3.904376	3.924773	3.896775	3.988763	1.704218	1.675383	1.739832	1.724644	1.705794	1.825350	1.828363	1.878881	1.808299	1.750174	1.583470	1.601507	1.638351	1.669563	1.737338	1.851574	1.918268	1.915167	1.954844	1.964325	1.930522	1.907092	1.933452	1.943433	1.879411	1.838079	1.770285	1.717387	1.654960	1.633997	1.691766	1.584197	1.547636	1.536005	1.553350	0.799067	0.806939	0.836671	0.833057	0.884126	0.832562	0.762374	0.677955	0.651045	0.629275	0.540466	0.488611	0.474861	0.482135	0.476020	0.485504	0.462768	0.444731	0.420238	0.412635	0.275417	0.267768	0.273253	0.241179	0.234460	0.000000	0.000000	0.000000	0.000000	0.000000	0.000000	0.000000	0.000000	0.000000	0.000000
3.732816	3.617967	3.518676	3.476469	3.397127	3.246127	3.160538	3.244386	3.305443	3.407376	3.745798	3.771079	3.795737	3.834804	3.926369	3.911394	4.062892	4.062346	4.101872	4.177257	1.744984	1.766098	1.785902	1.819701	1.766018	1.923911	1.903571	1.901598	1.857615	1.810130	1.672657	1.654595	1.703317	1.752561	1.763860	1.918268	1.941666	2.013385	2.029597	2.023689	1.982180	1.992817	2.008350	1.988220	1.970946	1.893041	1.823648	1.789639	1.726104	1.705019	1.746883	1.682848	1.644182	1.617053	1.586875	0.841862	0.832911	0.859058	0.874666	0.915668	0.857976	0.787129	0.717225	0.689751	0.667344	0.561512	0.488162	0.510013	0.494183	0.494942	0.507943	0.477199	0.466563	0.445855	0.407657	0.289978	0.280346	0.285701	0.271493	0.239389	0.000000	0.000000	0.000000	0.000000	0.000000	0.000000	0.000000	0.000000	0.000000	0.000000
3.797352	3.669356	3.540553	3.532753	3.427690	3.240107	3.247465	3.283663	3.338774	3.424040	3.776525	3.806916	3.805640	3.866265	3.925264	3.957296	4.067914	4.100008	4.104614	4.172651	1.782010	1.768305	1.811374	1.792827	1.781018	1.912128	1.933013	1.968604	1.917250	1.829701	1.665316	1.664237	1.692845	1.762878	1.845586	1.915167	2.013385	2.005052	2.007084	2.091313	2.014658	2.023137	2.023721	2.026154	1.980145	1.888674	1.853906	1.797691	1.725562	1.712277	1.789422	1.687419	1.634579	1.603532	1.604788	0.844307	0.844588	0.864995	0.881278	0.905134	0.873532	0.798586	0.709896	0.680345	0.656879	0.559258	0.511489	0.518308	0.526990	0.507901	0.495875	0.503001	0.479706	0.435335	0.428701	0.301877	0.298053	0.270391	0.263117	0.240400	0.000000	0.000000	0.000000	0.000000	0.000000	0.000000	0.000000	0.000000	0.000000	0.000000
3.854049	3.709421	3.604171	3.552520	3.461214	3.298496	3.233055	3.298977	3.398855	3.452086	3.814084	3.845919	3.846742	3.895577	3.968902	3.974490	4.107337	4.135173	4.104301	4.232820	1.817042	1.813018	1.845379	1.814772	1.827491	1.943048	1.939896	1.978033	1.912683	1.846791	1.666071	1.692755	1.731650	1.753114	1.848367	1.954844	2.029597	2.007084	2.004302	2.076839	2.021205	2.017439	2.039167	2.026651	1.977955	1.929327	1.875034	1.807756	1.769703	1.738240	1.787617	1.712558	1.669905	1.655832	1.598680	0.850382	0.866578	0.860341	0.900254	0.926695	0.889608	0.805595	0.714822	0.694650	0.680264	0.560524	0.520769	0.511095	0.513666	0.499412	0.516492	0.495275	0.479709	0.448956	0.433446	0.305689	0.296351	0.278999	0.259474	0.250891	0.000000	0.000000	0.000000	0.000000	0.000000	0.000000	0.000000	0.000000	0.000000	0.000000
3.914427	3.804087	3.641578	3.628067	3.525152	3.366694	3.322101	3.378778	3.442141	3.556102	3.885641	3.922089	3.923562	3.966062	4.061933	4.104662	4.211217	4.234903	4.226931	4.307901	1.805430	1.828761	1.864339	1.843470	1.826823	1.991851	1.970639	2.017704	1.965933	1.863790	1.713950	1.713992	1.750866	1.809516	1.894295	1.964325	2.023689	2.091313	2.076839	2.153290	2.032856	2.103894	2.100308	2.073945	2.043996	1.999209	1.955946	1.852285	1.797662	1.771192	1.811991	1.736234	1.667318	1.656530	1.640981	0.850382	0.873991	0.878593	0.910645	0.943843	0.884750	0.817788	0.722345	0.713452	0.682619	0.565020	0.518233	0.520120	0.523518	0.514034	0.512339	0.487768	0.473023	0.461663	0.437186	0.294917	0.299380	0.285634	0.279910	0.253366	0.000000	0.000000	0.000000	0.000000	0.000000	0.000000	0.000000	0.000000	0.000000	0.000000
2.390748	2.296874	2.219341	2.204299	2.133616	3.329643	3.273079	3.321225	3.413038	3.482762	3.648994	3.674263	3.688756	3.717332	3.782888	4.253589	4.394198	4.422819	4.413714	4.498653	2.351759	2.366139	2.426269	2.407040	2.359856	1.981534	1.978604	2.040976	1.979344	1.869184	1.654182	1.640758	1.718779	1.768595	1.831542	1.930522	1.982180	2.014658	2.021205	2.032856	2.272219	2.284235	2.298324	2.292003	2.237422	2.129656	2.076312	2.014374	1.964218	1.925784	1.907841	1.827643	1.733614	1.737739	1.729654	1.731214	1.738030	1.725891	1.762074	1.862188	0.830799	0.767381	0.675648	0.663158	0.652809	0.582543	0.531787	0.505107	0.516480	0.516909	0.400751	0.386662	0.372695	0.339442	0.344284	0.350544	0.339630	0.331652	0.312536	0.292190	0.233443	0.224573	0.200309	0.186275	0.172971	0.000000	0.000000	0.000000	0.000000	0.000000
2.376685	2.313570	2.273909	2.223146	2.196821	3.330460	3.286641	3.336823	3.461944	3.510872	3.655325	3.715329	3.718740	3.750927	3.809927	4.303547	4.406233	4.454428	4.427586	4.571477	2.374382	2.386953	2.460578	2.407793	2.393022	1.992981	1.991327	2.031406	2.001634	1.872999	1.694838	1.691398	1.752064	1.784981	1.860231	1.907092	1.992817	2.023137	2.017439	2.103894	2.284235	2.333628	2.313457	2.312653	2.251024	2.192696	2.108881	2.042814	1.965849	1.918768	1.909140	1.851364	1.768928	1.763040	1.763812	1.762568	1.727303	1.739893	1.816768	1.917192	0.839342	0.787320	0.702425	0.679763	0.632970	0.582175	0.533650	0.524642	0.515152	0.503540	0.420380	0.395389	0.382269	0.361513	0.349181	0.360593	0.349097	0.336955	0.324885	0.298986	0.237316	0.211040	0.207050	0.187603	0.182267	0.000000	0.000000	0.000000	0.000000	0.000000
2.412919	2.298198	2.287623	2.210613	2.172706	3.379999	3.329381	3.368406	3.451550	3.538412	3.698879	3.714257	3.725823	3.758718	3.856258	4.278518	4.422583	4.469354	4.442338	4.539484	2.391394	2.392818	2.440015	2.429860	2.384359	2.009638	2.029616	2.039410	2.003227	1.903364	1.664708	1.686020	1.731547	1.788050	1.861746	1.933452	2.008350	2.023721	2.039167	2.100308	2.298324	2.313457	2.293654	2.325153	2.265717	2.176017	2.105615	2.048521	1.970856	1.955843	1.907334	1.818580	1.783395	1.739906	1.749806	1.748786	1.728110	1.791729	1.780404	1.886749	0.843299	0.770701	0.703061	0.677111	0.653526	0.566564	0.542375	0.536125	0.538137	0.527733	0.403381	0.397767	0.385528	0.365266	0.336684	0.353280	0.350977	0.337388	0.316500	0.293395	0.246596	0.220171	0.206072	0.198627	0.171262	0.000000	0.000000	0.000000	0.000000	0.000000
2.381578	2.322633	2.263925	2.226712	2.150658	3.327908	3.299604	3.337776	3.409043	3.505804	3.684502	3.749606	3.698481	3.748495	3.819339	4.265695	4.402890	4.454415	4.453785	4.536076	2.379272	2.381326	2.414431	2.424062	2.403242	2.004445	2.018324	2.022878	1.959276	1.889611	1.683339	1.688381	1.739583	1.769597	1.849856	1.943433	1.988220	2.026154	2.026651	2.073945	2.292003	2.312653	2.325153	2.306865	2.291916	2.161320	2.103638	2.025627	1.980045	1.933746	1.862498	1.821903	1.765068	1.747962	1.710074	1.731008	1.732248	1.740126	1.794936	1.867763	0.843945	0.785546	0.694431	0.668242	0.657941	0.573302	0.524703	0.510740	0.539413	0.515549	0.405609	0.384168	0.381746	0.351364	0.349203	0.360861	0.353435	0.337847	0.317685	0.302468	0.237678	0.219460	0.204586	0.185070	0.175270	0.000000	0.000000	0.000000	0.000000	0.000000
2.375053	2.287126	2.223843	2.186085	2.102220	3.281493	3.251247	3.296193	3.365266	3.447583	3.606730	3.656146	3.644837	3.705975	3.771796	4.231405	4.339581	4.374420	4.349624	4.469131	2.332382	2.368306	2.392550	2.390073	2.337831	1.995378	1.968110	2.000087	1.954460	1.879301	1.648723	1.649246	1.714011	1.757700	1.831745	1.879411	1.970946	1.980145	1.977955	2.043996	2.237422	2.251024	2.265717	2.291916	2.225488	2.103315	2.074410	2.035378	1.943068	1.897505	1.872650	1.770527	1.726750	1.760446	1.709476	1.718763	1.706828	1.739380	1.760682	1.884385	0.809429	0.785469	0.681517	0.670374	0.630680	0.570747	0.520194	0.498259	0.511202	0.499151	0.407790	0.390932	0.372075	0.352198	0.332924	0.343577	0.340272	0.340744	0.313082	0.289929	0.227203	0.216592	0.203433	0.174014	0.163216	0.000000	0.000000	0.000000	0.000000	0.000000
0.000000	0.000000	0.000000	0.000000	0.000000	2.405535	2.367686	2.420894	2.423110	2.484251	3.467080	3.459128	3.512016	3.545747	3.630680	3.781089	3.863694	3.905480	3.902744	3.984661	2.448074	2.468621	2.496308	2.528088	2.482468	1.675135	1.671162	1.703268	1.662496	1.563279	1.794791	1.817737	1.848732	1.906866	1.962755	1.838079	1.893041	1.888674	1.929327	1.999209	2.129656	2.192696	2.176017	2.161320	2.103315	2.372479	2.311926	2.283208	2.174137	2.136859	2.283631	2.197331	2.136798	2.107889	2.125544	2.172150	2.167635	2.233947	2.287979	2.395034	2.553822	2.322207	2.068535	1.984696	1.921155	0.615987	0.577785	0.564226	0.565230	0.549691	0.449673	0.427386	0.424033	0.395425	0.382431	0.323790	0.303486	0.302223	0.294019	0.271641	0.300698	0.277284	0.265494	0.240678	0.221602	0.184725	0.173161	0.154524	0.111629	0.083205
0.000000	0.000000	0.000000	0.000000	0.000000	2.314455	2.289907	2.322207	2.406808	2.456753	3.315479	3.413565	3.410064	3.439596	3.517080	3.661824	3.757303	3.806057	3.806942	3.845906	2.405771	2.416259	2.449173	2.459541	2.439085	1.622020	1.615748	1.643455	1.600822	1.527504	1.755359	1.758653	1.811254	1.871313	1.937735	1.770285	1.823648	1.853906	1.875034	1.955946	2.076312	2.108881	2.105615	2.103638	2.074410	2.311926	2.221327	2.201430	2.107679	2.098884	2.235950	2.144821	2.068522	2.035495	2.014597	2.099284	2.120063	2.159653	2.216066	2.298796	2.476938	2.272239	1.979354	1.960739	1.866891	0.596355	0.547404	0.548957	0.558896	0.551971	0.441708	0.423755	0.415745	0.391756	0.364814	0.317494	0.307698	0.302682	0.274913	0.265598	0.291951	0.279374	0.259680	0.233185	0.216143	0.177619	0.167638	0.152747	0.116248	0.080460
0.000000	0.000000	0.000000	0.000000	0.000000	2.258023	2.222167	2.269199	2.314455	2.381287	3.282811	3.296089	3.251470	3.330008	3.392076	3.521467	3.658801	3.664127	3.705255	3.773385	2.322756	2.346264	2.368403	2.368073	2.322414	1.575695	1.581109	1.590176	1.542436	1.479196	1.716179	1.712593	1.731111	1.797339	1.859604	1.717387	1.789639	1.797691	1.807756	1.852285	2.014374	2.042814	2.048521	2.025627	2.035378	2.283208	2.201430	2.091474	2.054041	2.033747	2.149446	2.092702	2.004470	1.979234	1.997800	2.058854	2.038076	2.068221	2.135703	2.240210	2.377864	2.184650	1.936627	1.909240	1.835634	0.588089	0.531024	0.522613	0.528725	0.545450	0.425409	0.429983	0.385538	0.379801	0.377379	0.304277	0.295139	0.293547	0.267503	0.260000	0.289606	0.262978	0.242975	0.222939	0.203081	0.166087	0.160661	0.144963	0.101132	0.082559
0.000000	0.000000	0.000000	0.000000	0.000000	2.188581	2.149941	2.216786	2.247174	2.308260	3.146330	3.206036	3.175510	3.259490	3.300854	3.433856	3.535304	3.562159	3.576051	3.639269	2.256276	2.261596	2.325069	2.294267	2.269936	1.538024	1.531958	1.552785	1.484451	1.433601	1.677535	1.639808	1.706356	1.752784	1.827546	1.654960	1.726104	1.725562	1.769703	1.797662	1.964218	1.965849	1.970856	1.980045	1.943068	2.174137	2.107679	2.054041	1.988068	1.938736	2.105108	2.012620	1.943827	1.896559	1.904114	1.976175	1.987274	2.014167	2.073070	2.187729	2.282759	2.136504	1.902512	1.839762	1.774610	0.563173	0.521987	0.503043	0.503876	0.514118	0.402211	0.407186	0.385680	0.360195	0.355883	0.294594	0.295953	0.269632	0.269558	0.231511	0.260627	0.255252	0.232787	0.213217	0.193601	0.165668	0.159046	0.137373	0.112566	0.081138
