0.000000	0.000000	0.000000	0.000000	0.000000	0.000000	0.000000	0.000000	0.000000	0.000000	0.000000	0.000000	0.000000	0.000000	0.000000	0.000000	0.000000	0.000000	0.000000	0.000000	0.000000	0.000000	0.000000	0.000000	0.000000	0.000000	0.000000	0.000000	0.000000	0.000000	0.000000	0.000000	0.000000	0.000000	0.000000	0.000000	0.000000	0.000000	0.000000	0.000000	0.000000	0.000000	0.000000	0.000000	0.000000	0.000000	0.000000	0.000000	0.000000	0.000000	0.000000	0.000000	0.000000	0.000000	0.000000	0.000000	0.000000	0.000000	0.000000	0.000000	0.000000	0.000000	0.000000	0.000000	0.000000	0.000000	0.000000	0.000000	0.000000	0.000000	0.000000	0.000000	0.000000	0.000000	0.000000	0.000000	0.000000	0.000000	0.000000	0.000000	0.000000	0.000000	0.000000	0.000000	0.000000	0.000000	0.000000	0.000000	0.000000	0.000000
0.000000	0.000000	0.000000	0.000000	0.000000	0.000000	0.000000	0.000000	0.000000	0.000000	0.000000	0.000000	0.000000	0.000000	0.000000	0.000000	0.000000	0.000000	0.000000	0.000000	0.000000	0.000000	0.000000	0.000000	0.000000	0.000000	0.000000	0.000000	0.000000	0.000000	0.000000	0.000000	0.000000	0.000000	0.000000	0.000000	0.000000	0.000000	0.000000	0.000000	0.000000	0.000000	0.000000	0.000000	0.000000	0.000000	0.000000	0.000000	0.000000	0.000000	0.000000	0.000000	0.000000	0.000000	0.000000	0.000000	0.000000	0.000000	0.000000	0.000000	0.000000	0.000000	0.000000	0.000000	0.000000	0.000000	0.000000	0.000000	0.000000	0.000000	0.000000	0.000000	0.000000	0.000000	0.000000	0.000000	0.000000	0.000000	0.000000	0.000000	0.000000	0.000000	0.000000	0.000000	0.000000	0.000000	0.000000	0.000000	0.000000	0.000000
0.000000	0.000000	0.000000	0.000000	0.000000	0.000000	0.000000	0.000000	0.000000	0.000000	0.000000	0.000000	0.000000	0.000000	0.000000	0.000000	0.000000	0.000000	0.000000	0.000000	0.000000	0.000000	0.000000	0.000000	0.000000	0.000000	0.000000	0.000000	0.000000	0.000000	0.000000	0.000000	0.000000	0.000000	0.000000	0.000000	0.000000	0.000000	0.000000	0.000000	0.000000	0.000000	0.000000	0.000000	0.000000	0.000000	0.000000	0.000000	0.000000	0.000000	0.000000	0.000000	0.000000	0.000000	0.000000	0.000000	0.000000	0.000000	0.000000	0.000000	0.000000	0.000000	0.000000	0.000000	0.000000	0.000000	0.000000	0.000000	0.000000	0.000000	0.000000	0.000000	0.000000	0.000000	0.000000	0.000000	0.000000	0.000000	0.000000	0.000000	0.000000	0.000000	0.000000	0.000000	0.000000	0.000000	0.000000	0.000000	0.000000	0.000000
0.000000	0.000000	0.000000	0.000000	0.000000	0.000000	0.000000	0.000000	0.000000	0.000000	0.000000	0.000000	0.000000	0.000000	0.000000	0.000000	0.000000	0.000000	0.000000	0.000000	0.000000	0.000000	0.000000	0.000000	0.000000	0.000000	0.000000	0.000000	0.000000	0.000000	0.000000	0.000000	0.000000	0.000000	0.000000	0.000000	0.000000	0.000000	0.000000	0.000000	0.000000	0.000000	0.000000	0.000000	0.000000	0.000000	0.000000	0.000000	0.000000	0.000000	0.000000	0.000000	0.000000	0.000000	0.000000	0.000000	0.000000	0.000000	0.000000	0.000000	0.000000	0.000000	0.000000	0.000000	0.000000	0.000000	0.000000	0.000000	0.000000	0.000000	0.000000	0.000000	0.000000	0.000000	0.000000	0.000000	0.000000	0.000000	0.000000	0.000000	0.000000	0.000000	0.000000	0.000000	0.000000	0.000000	0.000000	0.000000	0.000000	0.000000
0.000000	0.000000	0.000000	0.000000	0.000000	0.000000	0.000000	0.000000	0.000000	0.000000	0.000000	0.000000	0.000000	0.000000	0.000000	0.000000	0.000000	0.000000	0.000000	0.000000	0.000000	0.000000	0.000000	0.000000	0.000000	0.000000	0.000000	0.000000	0.000000	0.000000	0.000000	0.000000	0.000000	0.000000	0.000000	0.000000	0.000000	0.000000	0.000000	0.000000	0.000000	0.000000	0.000000	0.000000	0.000000	0.000000	0.000000	0.000000	0.000000	0.000000	0.000000	0.000000	0.000000	0.000000	0.000000	0.000000	0.000000	0.000000	0.000000	0.000000	0.000000	0.000000	0.000000	0.000000	0.000000	0.000000	0.000000	0.000000	0.000000	0.000000	0.000000	0.000000	0.000000	0.000000	0.000000	0.000000	0.000000	0.000000	0.000000	0.000000	0.000000	0.000000	0.000000	0.000000	0.000000	0.000000	0.000000	0.000000	0.000000	0.000000
0.000000	0.000000	0.000000	0.000000	0.000000	0.000000	0.000000	0.000000	0.000000	0.000000	0.000000	0.000000	0.000000	0.000000	0.000000	0.000000	0.000000	0.000000	0.000000	0.000000	0.000000	0.000000	0.000000	0.000000	0.000000	0.000000	0.000000	0.000000	0.000000	0.000000	0.000000	0.000000	0.000000	0.000000	0.000000	0.000000	0.000000	0.000000	0.000000	0.000000	0.000000	0.000000	0.000000	0.000000	0.000000	0.000000	0.000000	0.000000	0.000000	0.000000	0.000000	0.000000	0.000000	0.000000	0.000000	0.000000	0.000000	0.000000	0.000000	0.000000	0.000000	0.000000	0.000000	0.000000	0.000000	0.000000	0.000000	0.000000	0.000000	0.000000	0.000000	0.000000	0.000000	0.000000	0.000000	0.000000	0.000000	0.000000	0.000000	0.000000	0.000000	0.000000	0.000000	0.000000	0.000000	0.000000	0.000000	0.000000	0.000000	0.000000
0.000000	0.000000	0.000000	0.000000	0.000000	0.000000	0.000000	0.000000	0.000000	0.000000	0.000000	0.000000	0.000000	0.000000	0.000000	0.000000	0.000000	0.000000	0.000000	0.000000	0.000000	0.000000	0.000000	0.000000	0.000000	0.000000	0.000000	0.000000	0.000000	0.000000	0.000000	0.000000	0.000000	0.000000	0.000000	0.000000	0.000000	0.000000	0.000000	0.000000	0.000000	0.000000	0.000000	0.000000	0.000000	0.000000	0.000000	0.000000	0.000000	0.000000	0.000000	0.000000	0.000000	0.000000	0.000000	0.000000	0.000000	0.000000	0.000000	0.000000	0.000000	0.000000	0.000000	0.000000	0.000000	0.000000	0.000000	0.000000	0.000000	0.000000	0.000000	0.000000	0.000000	0.000000	0.000000	0.000000	0.000000	0.000000	0.000000	0.000000	0.000000	0.000000	0.000000	0.000000	0.000000	0.000000	0.000000	0.000000	0.000000	0.000000
0.000000	0.000000	0.000000	0.000000	0.000000	0.000000	0.000000	0.000000	0.000000	0.000000	0.000000	0.000000	0.000000	0.000000	0.000000	0.000000	0.000000	0.000000	0.000000	0.000000	0.000000	0.000000	0.000000	0.000000	0.000000	0.000000	0.000000	0.000000	0.000000	0.000000	0.000000	0.000000	0.000000	0.000000	0.000000	0.000000	0.000000	0.000000	0.000000	0.000000	0.000000	0.000000	0.000000	0.000000	0.000000	0.000000	0.000000	0.000000	0.000000	0.000000	0.000000	0.000000	0.000000	0.000000	0.000000	0.000000	0.000000	0.000000	0.000000	0.000000	0.000000	0.000000	0.000000	0.000000	0.000000	0.000000	0.000000	0.000000	0.000000	0.000000	0.000000	0.000000	0.000000	0.000000	0.000000	0.000000	0.000000	0.000000	0.000000	0.000000	0.000000	0.000000	0.000000	0.000000	0.000000	0.000000	0.000000	0.000000	0.000000	0.000000
0.000000	0.000000	0.000000	0.000000	0.000000	0.000000	0.000000	0.000000	0.000000	0.000000	0.000000	0.000000	0.000000	0.000000	0.000000	0.000000	0.000000	0.000000	0.000000	0.000000	0.000000	0.000000	0.000000	0.000000	0.000000	0.000000	0.000000	0.000000	0.000000	0.000000	0.000000	0.000000	0.000000	0.000000	0.000000	0.000000	0.000000	0.000000	0.000000	0.000000	0.000000	0.000000	0.000000	0.000000	0.000000	0.000000	0.000000	0.000000	0.000000	0.000000	0.000000	0.000000	0.000000	0.000000	0.000000	0.000000	0.000000	0.000000	0.000000	0.000000	0.000000	0.000000	0.000000	0.000000	0.000000	0.000000	0.000000	0.000000	0.000000	0.000000	0.000000	0.000000	0.000000	0.000000	0.000000	0.000000	0.000000	0.000000	0.000000	0.000000	0.000000	0.000000	0.000000	0.000000	0.000000	0.000000	0.000000	0.000000	0.000000	0.000000
0.000000	0.000000	0.000000	0.000000	0.000000	0.000000	0.000000	0.000000	0.000000	0.000000	0.000000	0.000000	0.000000	0.000000	0.000000	0.000000	0.000000	0.000000	0.000000	0.000000	0.000000	0.000000	0.000000	0.000000	0.000000	0.000000	0.000000	0.000000	0.000000	0.000000	0.000000	0.000000	0.000000	0.000000	0.000000	0.000000	0.000000	0.000000	0.000000	0.000000	0.000000	0.000000	0.000000	0.000000	0.000000	0.000000	0.000000	0.000000	0.000000	0.000000	0.000000	0.000000	0.000000	0.000000	0.000000	0.000000	0.000000	0.000000	0.000000	0.000000	0.000000	0.000000	0.000000	0.000000	0.000000	0.000000	0.000000	0.000000	0.000000	0.000000	0.000000	0.000000	0.000000	0.000000	0.000000	0.000000	0.000000	0.000000	0.000000	0.000000	0.000000	0.000000	0.000000	0.000000	0.000000	0.000000	0.000000	0.000000	0.000000	0.000000
0.000000	0.000000	0.000000	0.000000	0.000000	0.000000	0.000000	0.000000	0.000000	0.000000	0.000000	0.000000	0.000000	0.000000	0.000000	0.000000	0.000000	0.000000	0.000000	0.000000	0.000000	0.000000	0.000000	0.000000	0.000000	0.000000	0.000000	0.000000	0.000000	0.000000	0.000000	0.000000	0.000000	0.000000	0.000000	0.000000	0.000000	0.000000	0.000000	0.000000	0.000000	0.000000	0.000000	0.000000	0.000000	0.000000	0.000000	0.000000	0.000000	0.000000	0.000000	0.000000	0.000000	0.000000	0.000000	0.000000	0.000000	0.000000	0.000000	0.000000	0.000000	0.000000	0.000000	0.000000	0.000000	0.000000	0.000000	0.000000	0.000000	0.000000	0.000000	0.000000	0.000000	0.000000	0.000000	0.000000	0.000000	0.000000	0.000000	0.000000	0.000000	0.000000	0.000000	0.000000	0.000000	0.000000	0.000000	0.000000	0.000000	0.000000
0.000000	0.000000	0.000000	0.000000	0.000000	0.000000	0.000000	0.000000	0.000000	0.000000	0.000000	0.000000	0.000000	0.000000	0.000000	0.000000	0.000000	0.000000	0.000000	0.000000	0.000000	0.000000	0.000000	0.000000	0.000000	0.000000	0.000000	0.000000	0.000000	0.000000	0.000000	0.000000	0.000000	0.000000	0.000000	0.000000	0.000000	0.000000	0.000000	0.000000	0.000000	0.000000	0.000000	0.000000	0.000000	0.000000	0.000000	0.000000	0.000000	0.000000	0.000000	0.000000	0.000000	0.000000	0.000000	0.000000	0.000000	0.000000	0.000000	0.000000	0.000000	0.000000	0.000000	0.000000	0.000000	0.000000	0.000000	0.000000	0.000000	0.000000	0.000000	0.000000	0.000000	0.000000	0.000000	0.000000	0.000000	0.000000	0.000000	0.000000	0.000000	0.000000	0.000000	0.000000	0.000000	0.000000	0.000000	0.000000	0.000000	0.000000
0.000000	0.000000	0.000000	0.000000	0.000000	0.000000	0.000000	0.000000	0.000000	0.000000	0.000000	0.000000	0.000000	0.000000	0.000000	0.000000	0.000000	0.000000	0.000000	0.000000	0.000000	0.000000	0.000000	0.000000	0.000000	0.000000	0.000000	0.000000	0.000000	0.000000	0.000000	0.000000	0.000000	0.000000	0.000000	0.000000	0.000000	0.000000	0.000000	0.000000	0.000000	0.000000	0.000000	0.000000	0.000000	0.000000	0.000000	0.000000	0.000000	0.000000	0.000000	0.000000	0.000000	0.000000	0.000000	0.000000	0.000000	0.000000	0.000000	0.000000	0.000000	0.000000	0.000000	0.000000	0.000000	0.000000	0.000000	0.000000	0.000000	0.000000	0.000000	0.000000	0.000000	0.000000	0.000000	0.000000	0.000000	0.000000	0.000000	0.000000	0.000000	0.000000	0.000000	0.000000	0.000000	0.000000	0.000000	0.000000	0.000000	0.000000
0.000000	0.000000	0.000000	0.000000	0.000000	0.000000	0.000000	0.000000	0.000000	0.000000	0.000000	0.000000	0.000000	0.000000	0.000000	0.000000	0.000000	0.000000	0.000000	0.000000	0.000000	0.000000	0.000000	0.000000	0.000000	0.000000	0.000000	0.000000	0.000000	0.000000	0.000000	0.000000	0.000000	0.000000	0.000000	0.000000	0.000000	0.000000	0.000000	0.000000	0.000000	0.000000	0.000000	0.000000	0.000000	0.000000	0.000000	0.000000	0.000000	0.000000	0.000000	0.000000	0.000000	0.000000	0.000000	0.000000	0.000000	0.000000	0.000000	0.000000	0.000000	0.000000	0.000000	0.000000	0.000000	0.000000	0.000000	0.000000	0.000000	0.000000	0.000000	0.000000	0.000000	0.000000	0.000000	0.000000	0.000000	0.000000	0.000000	0.000000	0.000000	0.000000	0.000000	0.000000	0.000000	0.000000	0.000000	0.000000	0.000000	0.000000
0.000000	0.000000	0.000000	0.000000	0.000000	0.000000	0.000000	0.000000	0.000000	0.000000	0.000000	0.000000	0.000000	0.000000	0.000000	0.000000	0.000000	0.000000	0.000000	0.000000	0.000000	0.000000	0.000000	0.000000	0.000000	0.000000	0.000000	0.000000	0.000000	0.000000	0.000000	0.000000	0.000000	0.000000	0.000000	0.000000	0.000000	0.000000	0.000000	0.000000	0.000000	0.000000	0.000000	0.000000	0.000000	0.000000	0.000000	0.000000	0.000000	0.000000	0.000000	0.000000	0.000000	0.000000	0.000000	0.000000	0.000000	0.000000	0.000000	0.000000	0.000000	0.000000	0.000000	0.000000	0.000000	0.000000	0.000000	0.000000	0.000000	0.000000	0.000000	0.000000	0.000000	0.000000	0.000000	0.000000	0.000000	0.000000	0.000000	0.000000	0.000000	0.000000	0.000000	0.000000	0.000000	0.000000	0.000000	0.000000	0.000000	0.000000
0.000000	0.000000	0.000000	0.000000	0.000000	0.000000	0.000000	0.000000	0.000000	0.000000	0.000000	0.000000	0.000000	0.000000	0.000000	0.000000	0.000000	0.000000	0.000000	0.000000	0.000000	0.000000	0.000000	0.000000	0.000000	0.000000	0.000000	0.000000	0.000000	0.000000	0.000000	0.000000	0.000000	0.000000	0.000000	0.000000	0.000000	0.000000	0.000000	0.000000	0.000000	0.000000	0.000000	0.000000	0.000000	0.000000	0.000000	0.000000	0.000000	0.000000	0.000000	0.000000	0.000000	0.000000	0.000000	0.000000	0.000000	0.000000	0.000000	0.000000	0.000000	0.000000	0.000000	0.000000	0.000000	0.000000	0.000000	0.000000	0.000000	0.000000	0.000000	0.000000	0.000000	0.000000	0.000000	0.000000	0.000000	0.000000	0.000000	0.000000	0.000000	0.000000	0.000000	0.000000	0.000000	0.000000	0.000000	0.000000	0.000000	0.000000
0.000000	0.000000	0.000000	0.000000	0.000000	0.000000	0.000000	0.000000	0.000000	0.000000	0.000000	0.000000	0.000000	0.000000	0.000000	0.000000	0.000000	0.000000	0.000000	0.000000	0.000000	0.000000	0.000000	0.000000	0.000000	0.000000	0.000000	0.000000	0.000000	0.000000	0.000000	0.000000	0.000000	0.000000	0.000000	0.000000	0.000000	0.000000	0.000000	0.000000	0.000000	0.000000	0.000000	0.000000	0.000000	0.000000	0.000000	0.000000	0.000000	0.000000	0.000000	0.000000	0.000000	0.000000	0.000000	0.000000	0.000000	0.000000	0.000000	0.000000	0.000000	0.000000	0.000000	0.000000	0.000000	0.000000	0.000000	0.000000	0.000000	0.000000	0.000000	0.000000	0.000000	0.000000	0.000000	0.000000	0.000000	0.000000	0.000000	0.000000	0.000000	0.000000	0.000000	0.000000	0.000000	0.000000	0.000000	0.000000	0.000000	0.000000
0.000000	0.000000	0.000000	0.000000	0.000000	0.000000	0.000000	0.000000	0.000000	0.000000	0.000000	0.000000	0.000000	0.000000	0.000000	0.000000	0.000000	0.470937	0.901507	1.030706	1.056467	1.204670	1.369681	1.420859	1.425635	1.401541	1.424408	1.454656	1.434801	1.352955	1.345515	1.337237	1.354864	1.397357	1.433275	1.648055	1.714857	1.725120	1.745561	1.786265	1.819695	1.832680	1.834821	1.830353	1.812463	1.753814	1.706837	1.649751	1.588351	1.552768	1.486497	1.402951	1.340547	1.297777	1.273008	1.223243	1.160663	1.135766	1.114190	1.111681	1.111280	0.847797	0.666123	0.578678	0.493028	0.463756	0.369240	0.322942	0.283114	0.245218	0.208006	0.177797	0.150340	0.123877	0.102578	0.089483	0.079593	0.064736	0.053853	0.042314	0.034642	0.029728	0.024490	0.020167	0.015518	0.012669	0.010873	0.008009	0.006165	0.003406
0.000000	0.000000	0.000000	0.000000	0.000000	0.000000	0.000000	0.000000	0.000000	0.000000	0.000000	0.000000	0.000000	0.000000	0.000000	0.000000	0.000000	0.901507	1.723256	1.980416	2.023816	2.305817	2.635491	2.736718	2.739069	2.686023	2.719586	2.781695	2.713487	2.587716	2.559070	2.558163	2.591928	2.668893	2.737115	3.136094	3.281836	3.304171	3.336249	3.416771	3.456999	3.507096	3.524293	3.505066	3.462054	3.361286	3.253268	3.148189	3.037993	2.974408	2.829543	2.684721	2.556141	2.476688	2.438647	2.324669	2.223301	2.174089	2.136524	2.113985	2.127852	1.613716	1.271576	1.112988	0.940379	0.880529	0.711356	0.613744	0.539694	0.470407	0.398438	0.339093	0.283426	0.240592	0.201275	0.170759	0.142621	0.125429	0.104205	0.083382	0.067136	0.056389	0.048386	0.037835	0.031007	0.024860	0.019554	0.015598	0.010215	0.006838
0.000000	0.000000	0.000000	0.000000	0.000000	0.000000	0.000000	0.000000	0.000000	0.000000	0.000000	0.000000	0.000000	0.000000	0.000000	0.000000	0.000000	1.030706	1.980416	2.275733	2.312013	2.652846	3.024755	3.130157	3.145170	3.087987	3.136926	3.188601	3.118867	2.976209	2.949042	2.930375	2.983542	3.055220	3.167386	3.607886	3.761015	3.803354	3.824010	3.932127	3.958274	4.014859	4.032191	4.037243	3.972655	3.869348	3.745120	3.618207	3.487917	3.409217	3.238984	3.084432	2.941019	2.840238	2.794828	2.683797	2.544590	2.503118	2.452168	2.434245	2.440413	1.850124	1.465157	1.270773	1.088164	1.015419	0.820516	0.700786	0.622344	0.533793	0.461317	0.390152	0.320455	0.272709	0.228058	0.198639	0.168834	0.145761	0.119468	0.097469	0.076401	0.066228	0.053223	0.042227	0.034089	0.027939	0.023208	0.018197	0.011684	0.007283
0.000000	0.000000	0.000000	0.000000	0.000000	0.000000	0.000000	0.000000	0.000000	0.000000	0.000000	0.000000	0.000000	0.000000	0.000000	0.000000	0.000000	1.056467	2.023816	2.312013	2.432623	2.787003	3.196967	3.308400	3.312698	3.255674	3.299738	3.365023	3.288477	3.162097	3.102162	3.082675	3.145198	3.214790	3.329218	3.799222	3.960214	3.985965	4.016374	4.120891	4.161274	4.179185	4.236187	4.200691	4.155376	4.015065	3.896580	3.765083	3.628223	3.555885	3.380172	3.203364	3.060235	2.961539	2.904585	2.776127	2.644986	2.598176	2.548472	2.525420	2.550886	1.924292	1.520895	1.324374	1.127699	1.057206	0.857905	0.732464	0.645148	0.564822	0.482443	0.400703	0.335950	0.286025	0.244233	0.203938	0.176436	0.147271	0.122499	0.099767	0.080235	0.066885	0.055546	0.044391	0.034517	0.029275	0.023665	0.019181	0.012734	0.007370
0.000000	0.000000	0.000000	0.000000	0.000000	0.000000	0.000000	0.000000	0.000000	0.000000	0.000000	0.000000	0.000000	0.000000	0.000000	0.000000	0.000000	1.204670	2.305817	2.652846	2.787003	3.193184	3.663355	3.789720	3.814000	3.739087	3.784252	3.852636	3.800308	3.610342	3.563509	3.550863	3.597140	3.711092	3.830183	4.346532	4.514132	4.575195	4.626360	4.735174	4.774845	4.808674	4.838875	4.829123	4.742967	4.616879	4.474143	4.322997	4.179530	4.066164	3.877203	3.676221	3.503992	3.380816	3.322307	3.197027	3.044281	2.986706	2.928226	2.909383	2.929773	2.215117	1.748121	1.514988	1.304059	1.212175	0.976546	0.840845	0.735838	0.643288	0.547408	0.459449	0.389186	0.326399	0.273014	0.234398	0.200727	0.168817	0.141426	0.116388	0.092104	0.077664	0.063839	0.049624	0.040106	0.033049	0.027821	0.021225	0.014702	0.009524
0.000000	0.000000	0.000000	0.000000	0.000000	0.000000	0.000000	0.000000	0.000000	0.000000	0.000000	0.000000	0.000000	0.000000	0.000000	0.000000	0.000000	1.369681	2.635491	3.024755	3.196967	3.663355	4.163261	4.328865	4.340192	4.262827	4.304496	4.414361	4.310415	4.103401	4.052576	4.040875	4.109710	4.216172	4.360429	4.944492	5.154390	5.189061	5.270873	5.397290	5.431518	5.495659	5.508588	5.494058	5.411295	5.251300	5.100501	4.926234	4.760152	4.635023	4.410344	4.194771	3.996912	3.867033	3.792379	3.652733	3.453121	3.398823	3.328355	3.304422	3.330494	2.511844	1.982710	1.722579	1.480765	1.369788	1.116333	0.956167	0.842864	0.729935	0.621100	0.527353	0.441661	0.373766	0.315796	0.264362	0.226929	0.193997	0.158939	0.131076	0.102005	0.088295	0.071319	0.057929	0.044830	0.037349	0.031510	0.025155	0.017370	0.011123
0.000000	0.000000	0.000000	0.000000	0.000000	0.000000	0.000000	0.000000	0.000000	0.000000	0.000000	0.000000	0.000000	0.000000	0.000000	0.000000	0.000000	1.420859	2.736718	3.130157	3.308400	3.789720	4.328865	4.482248	4.482820	4.411270	4.465853	4.565258	4.449638	4.263190	4.191969	4.180219	4.271485	4.368605	4.497396	5.132110	5.345821	5.373664	5.449318	5.599786	5.631277	5.679890	5.717796	5.675139	5.607355	5.417799	5.265843	5.086036	4.915800	4.808937	4.570883	4.315388	4.133954	3.996501	3.905984	3.769460	3.588899	3.515431	3.439731	3.414360	3.459636	2.602519	2.059763	1.788796	1.526824	1.426409	1.154067	0.984999	0.869910	0.756547	0.641922	0.541868	0.456783	0.384632	0.320937	0.277209	0.235465	0.199229	0.165513	0.134200	0.106632	0.092167	0.073566	0.059378	0.047517	0.038833	0.031729	0.026017	0.017085	0.011039
0.000000	0.000000	0.000000	0.000000	0.000000	0.000000	0.000000	0.000000	0.000000	0.000000	0.000000	0.000000	0.000000	0.000000	0.000000	0.000000	0.000000	1.425635	2.739069	3.145170	3.312698	3.814000	4.340192	4.482820	4.511345	4.434656	4.473125	4.583345	4.494043	4.268273	4.198333	4.211588	4.270965	4.367283	4.525124	5.147986	5.357000	5.402257	5.462512	5.596580	5.660819	5.703781	5.718922	5.724069	5.613296	5.447953	5.287716	5.096231	4.936210	4.796271	4.577584	4.345576	4.137687	4.011109	3.933736	3.769310	3.603482	3.533424	3.456574	3.417475	3.455562	2.609850	2.061717	1.793221	1.532107	1.428678	1.150397	1.000266	0.875360	0.762369	0.640999	0.547973	0.457666	0.385271	0.322402	0.276866	0.237455	0.200226	0.166249	0.137117	0.110000	0.090929	0.076749	0.058509	0.046375	0.038298	0.032750	0.025557	0.017937	0.010867
0.000000	0.000000	0.000000	0.000000	0.000000	0.000000	0.000000	0.000000	0.000000	0.000000	0.000000	0.000000	0.000000	0.000000	0.000000	0.000000	0.000000	1.401541	2.686023	3.087987	3.255674	3.739087	4.262827	4.411270	4.434656	4.346550	4.408974	4.511974	4.393142	4.216276	4.140990	4.124310	4.197099	4.303021	4.453757	5.061584	5.264265	5.312448	5.376985	5.511408	5.555865	5.614121	5.652133	5.602604	5.537444	5.372579	5.206213	5.022238	4.856496	4.738929	4.510253	4.264017	4.075273	3.963601	3.875558	3.729513	3.543825	3.483124	3.409642	3.384510	3.387201	2.571488	2.033019	1.764388	1.503654	1.401872	1.137063	0.971787	0.863303	0.746476	0.638575	0.537361	0.451319	0.381053	0.317215	0.270958	0.235935	0.197118	0.162496	0.135381	0.105235	0.090264	0.072944	0.057396	0.047224	0.038459	0.031036	0.025453	0.017124	0.010704
0.000000	0.000000	0.000000	0.000000	0.000000	0.000000	0.000000	0.000000	0.000000	0.000000	0.000000	0.000000	0.000000	0.000000	0.000000	0.000000	0.000000	1.424408	2.719586	3.136926	3.299738	3.784252	4.304496	4.465853	4.473125	4.408974	4.461967	4.532390	4.442397	4.256707	4.188206	4.177018	4.252919	4.366767	4.490605	5.107128	5.339189	5.369688	5.429064	5.561932	5.616369	5.675799	5.702809	5.684298	5.599576	5.403714	5.265886	5.072802	4.911144	4.803417	4.566643	4.323849	4.114230	4.001551	3.916674	3.752247	3.593158	3.519719	3.434093	3.413903	3.437791	2.601498	2.051209	1.775944	1.526098	1.421234	1.142342	0.979980	0.868554	0.755387	0.640943	0.546982	0.461277	0.381815	0.325774	0.279137	0.237598	0.199361	0.162763	0.133826	0.108244	0.090225	0.073832	0.059164	0.046883	0.038358	0.031949	0.024757	0.017670	0.010952
0.000000	0.000000	0.000000	0.000000	0.000000	0.000000	0.000000	0.000000	0.000000	0.000000	0.000000	0.000000	0.000000	0.000000	0.000000	0.000000	0.000000	1.454656	2.781695	3.188601	3.365023	3.852636	4.414361	4.565258	4.583345	4.511974	4.532390	4.651353	4.543337	4.345912	4.276704	4.273356	4.323862	4.448224	4.588097	5.203957	5.425752	5.470991	5.557873	5.683616	5.719623	5.789004	5.823180	5.795250	5.717254	5.511737	5.369256	5.193864	5.009029	4.896120	4.665009	4.406721	4.214657	4.074995	3.997217	3.840222	3.645375	3.579864	3.520276	3.471114	3.508913	2.657315	2.091437	1.817291	1.553066	1.455226	1.170340	1.010076	0.888151	0.770686	0.652548	0.555919	0.470076	0.393005	0.331242	0.282157	0.238927	0.203560	0.167145	0.138957	0.108795	0.091822	0.074481	0.059925	0.048189	0.039413	0.032987	0.027004	0.018257	0.011270
0.000000	0.000000	0.000000	0.000000	0.000000	0.000000	0.000000	0.000000	0.000000	0.000000	0.000000	0.000000	0.000000	0.000000	0.000000	0.000000	0.000000	1.434801	2.713487	3.118867	3.288477	3.800308	4.310415	4.449638	4.494043	4.393142	4.442397	4.543337	4.440750	4.248226	4.186648	4.175773	4.240830	4.347499	4.493355	5.101132	5.338606	5.367594	5.429626	5.554732	5.600006	5.666126	5.695349	5.665824	5.587189	5.400301	5.248715	5.082566	4.913434	4.795434	4.548286	4.326411	4.116704	3.992759	3.905572	3.758235	3.585426	3.502925	3.431085	3.404325	3.425074	2.600513	2.060586	1.783223	1.520178	1.424149	1.148743	0.982739	0.877111	0.755786	0.642085	0.542677	0.450083	0.385216	0.318377	0.273927	0.235258	0.203112	0.164443	0.137505	0.108531	0.092567	0.074534	0.059400	0.046850	0.039529	0.031020	0.025526	0.016920	0.010882
0.000000	0.000000	0.000000	0.000000	0.000000	0.000000	0.000000	0.000000	0.000000	0.000000	0.000000	0.000000	0.000000	0.000000	0.000000	0.000000	0.000000	1.352955	2.587716	2.976209	3.162097	3.610342	4.103401	4.263190	4.268273	4.216276	4.256707	4.345912	4.248226	4.058826	3.993205	3.981235	4.049693	4.166621	4.294194	4.878604	5.068121	5.130598	5.196605	5.318549	5.368280	5.411708	5.424605	5.425601	5.329878	5.170909	5.023941	4.844214	4.703063	4.581051	4.359601	4.123797	3.953023	3.810264	3.726684	3.593376	3.415898	3.344155	3.281651	3.265928	3.267225	2.477350	1.957990	1.687862	1.454288	1.359396	1.096900	0.933142	0.824794	0.725090	0.612392	0.521272	0.437834	0.366783	0.306604	0.261442	0.224463	0.190654	0.160371	0.127792	0.103787	0.085081	0.071637	0.055737	0.044883	0.037274	0.030211	0.023903	0.016481	0.010169
0.000000	0.000000	0.000000	0.000000	0.000000	0.000000	0.000000	0.000000	0.000000	0.000000	0.000000	0.000000	0.000000	0.000000	0.000000	0.000000	0.000000	1.345515	2.559070	2.949042	3.102162	3.563509	4.052576	4.191969	4.198333	4.140990	4.188206	4.276704	4.186648	3.993205	3.948285	3.918487	3.978732	4.088694	4.228972	4.809207	5.004773	5.040649	5.120931	5.229254	5.273330	5.330698	5.352340	5.341619	5.268682	5.100638	4.945029	4.776867	4.623131	4.497261	4.284903	4.068674	3.871076	3.753034	3.679251	3.532453	3.367618	3.290210	3.244437	3.197471	3.241306	2.455205	1.923001	1.676448	1.428448	1.332493	1.079164	0.926884	0.819251	0.707547	0.602376	0.513098	0.430085	0.363204	0.305961	0.257624	0.218038	0.185415	0.156269	0.126226	0.099669	0.082818	0.069904	0.056141	0.044481	0.035163	0.030769	0.025230	0.016479	0.010097
0.000000	0.000000	0.000000	0.000000	0.000000	0.000000	0.000000	0.000000	0.000000	0.000000	0.000000	0.000000	0.000000	0.000000	0.000000	0.000000	0.000000	1.337237	2.558163	2.930375	3.082675	3.550863	4.040875	4.180219	4.211588	4.124310	4.177018	4.273356	4.175773	3.981235	3.918487	3.910168	3.971779	4.081999	4.221229	4.812027	5.005546	5.041632	5.083763	5.231010	5.266783	5.314105	5.345994	5.312128	5.245191	5.078962	4.932679	4.764631	4.616479	4.505778	4.274824	4.051261	3.852003	3.742945	3.676005	3.528096	3.347199	3.289324	3.225793	3.204730	3.227064	2.434289	1.930294	1.679992	1.435741	1.337010	1.074776	0.923408	0.816221	0.708266	0.606228	0.511523	0.430954	0.364519	0.302433	0.257912	0.224319	0.186065	0.152979	0.127749	0.101543	0.084175	0.069768	0.055366	0.043620	0.036637	0.030498	0.022703	0.016336	0.009634
0.000000	0.000000	0.000000	0.000000	0.000000	0.000000	0.000000	0.000000	0.000000	0.000000	0.000000	0.000000	0.000000	0.000000	0.000000	0.000000	0.000000	1.354864	2.591928	2.983542	3.145198	3.597140	4.109710	4.271485	4.270965	4.197099	4.252919	4.323862	4.240830	4.049693	3.978732	3.971779	4.062674	4.142620	4.289883	4.868379	5.069513	5.105794	5.183565	5.302891	5.365528	5.410861	5.432595	5.410500	5.326720	5.152864	5.007887	4.857839	4.680382	4.561979	4.336848	4.112898	3.936710	3.805191	3.740883	3.587797	3.413549	3.336624	3.284156	3.241967	3.287622	2.481673	1.962586	1.702630	1.455099	1.356564	1.096744	0.942038	0.831590	0.717733	0.614348	0.516126	0.433237	0.362546	0.309847	0.262812	0.224669	0.190863	0.154505	0.128026	0.101898	0.085723	0.071546	0.057186	0.044645	0.037689	0.030231	0.023807	0.016549	0.010550
0.000000	0.000000	0.000000	0.000000	0.000000	0.000000	0.000000	0.000000	0.000000	0.000000	0.000000	0.000000	0.000000	0.000000	0.000000	0.000000	0.000000	1.397357	2.668893	3.055220	3.214790	3.711092	4.216172	4.368605	4.367283	4.303021	4.366767	4.448224	4.347499	4.166621	4.088694	4.081999	4.142620	4.253780	4.413076	5.009860	5.208632	5.264458	5.311827	5.439566	5.487779	5.549602	5.568534	5.555057	5.477686	5.294343	5.124676	4.964692	4.810789	4.688774	4.450822	4.224458	4.019655	3.896079	3.828439	3.693408	3.512607	3.423707	3.363579	3.336394	3.372632	2.543161	2.004751	1.745004	1.497771	1.386584	1.124136	0.969936	0.855569	0.731478	0.632926	0.533598	0.447794	0.376104	0.314298	0.267132	0.231172	0.195019	0.161447	0.131034	0.105200	0.089563	0.073471	0.057735	0.045528	0.038323	0.030804	0.025143	0.017080	0.010323
0.000000	0.000000	0.000000	0.000000	0.000000	0.000000	0.000000	0.000000	0.000000	0.000000	0.000000	0.000000	0.000000	0.000000	0.000000	0.000000	0.000000	1.433275	2.737115	3.167386	3.329218	3.830183	4.360429	4.497396	4.525124	4.453757	4.490605	4.588097	4.493355	4.294194	4.228972	4.221229	4.289883	4.413076	4.546937	5.161454	5.399603	5.428997	5.484634	5.640370	5.684531	5.729294	5.763206	5.736963	5.644645	5.461973	5.323363	5.134144	4.954175	4.848057	4.599580	4.368466	4.158738	4.049541	3.955012	3.806585	3.622707	3.548709	3.482428	3.451713	3.487125	2.631541	2.076248	1.797116	1.541517	1.437122	1.155961	0.998518	0.880207	0.762866	0.650701	0.545423	0.454317	0.391985	0.330911	0.276322	0.240013	0.200618	0.167422	0.136542	0.110450	0.090854	0.074350	0.059137	0.047229	0.039805	0.032247	0.025027	0.017786	0.009852
0.000000	0.000000	0.000000	0.000000	0.000000	0.000000	0.000000	0.000000	0.000000	0.000000	0.000000	0.000000	0.000000	0.000000	0.000000	0.000000	0.000000	1.648055	3.136094	3.607886	3.799222	4.346532	4.944492	5.132110	5.147986	5.061584	5.107128	5.203957	5.101132	4.878604	4.809207	4.812027	4.868379	5.009860	5.161454	5.847362	6.112879	6.181426	6.251357	6.410225	6.445785	6.510833	6.539031	6.529754	6.424356	6.242082	6.037095	5.836100	5.653284	5.511015	5.249093	4.979931	4.739022	4.595999	4.494164	4.340511	4.111451	4.026284	3.954005	3.931867	3.964695	2.988968	2.364808	2.050642	1.748183	1.650482	1.325553	1.132983	0.998718	0.866010	0.736912	0.629103	0.526801	0.441580	0.368791	0.317450	0.270428	0.230202	0.188577	0.153102	0.124249	0.104759	0.086817	0.068615	0.054592	0.044116	0.037487	0.028334	0.020891	0.012922
0.000000	0.000000	0.000000	0.000000	0.000000	0.000000	0.000000	0.000000	0.000000	0.000000	0.000000	0.000000	0.000000	0.000000	0.000000	0.000000	0.000000	1.714857	3.281836	3.761015	3.960214	4.514132	5.154390	5.345821	5.357000	5.264265	5.339189	5.425752	5.338606	5.068121	5.004773	5.005546	5.069513	5.208632	5.399603	6.112879	6.371188	6.429637	6.509135	6.664100	6.731027	6.793626	6.822377	6.825879	6.720917	6.491171	6.287552	6.088368	5.879320	5.750855	5.474487	5.189456	4.935021	4.780358	4.686662	4.504772	4.282537	4.212812	4.119353	4.092883	4.117076	3.116436	2.463128	2.129157	1.834952	1.707928	1.369186	1.179660	1.041892	0.910849	0.769601	0.650568	0.549848	0.464602	0.386741	0.327589	0.285897	0.238777	0.198357	0.159750	0.129362	0.109835	0.090685	0.070897	0.056215	0.045311	0.038798	0.030686	0.021128	0.013547
0.000000	0.000000	0.000000	0.000000	0.000000	0.000000	0.000000	0.000000	0.000000	0.000000	0.000000	0.000000	0.000000	0.000000	0.000000	0.000000	0.000000	1.725120	3.304171	3.803354	3.985965	4.575195	5.189061	5.373664	5.402257	5.312448	5.369688	5.470991	5.367594	5.130598	5.040649	5.041632	5.105794	5.264458	5.428997	6.181426	6.429637	6.497342	6.577032	6.728042	6.778568	6.860053	6.887061	6.851928	6.767750	6.546933	6.363826	6.136011	5.949802	5.780172	5.504118	5.217818	4.969337	4.843172	4.719129	4.541147	4.342781	4.237562	4.163625	4.119626	4.159005	3.147777	2.487840	2.157708	1.851550	1.716782	1.391743	1.187210	1.051855	0.902772	0.777249	0.662960	0.552587	0.464531	0.389926	0.332074	0.285248	0.240168	0.201550	0.162885	0.130177	0.110265	0.091634	0.070491	0.055748	0.047786	0.039466	0.030260	0.021667	0.012801
0.000000	0.000000	0.000000	0.000000	0.000000	0.000000	0.000000	0.000000	0.000000	0.000000	0.000000	0.000000	0.000000	0.000000	0.000000	0.000000	0.000000	1.745561	3.336249	3.824010	4.016374	4.626360	5.270873	5.449318	5.462512	5.376985	5.429064	5.557873	5.429626	5.196605	5.120931	5.083763	5.183565	5.311827	5.484634	6.251357	6.509135	6.577032	6.638624	6.793897	6.849450	6.945691	6.965398	6.937764	6.833050	6.624442	6.436353	6.213529	5.998075	5.842622	5.580768	5.282820	5.029826	4.881440	4.803481	4.596756	4.380108	4.291893	4.195649	4.168521	4.205132	3.185328	2.520960	2.178717	1.854260	1.739930	1.401338	1.199274	1.063937	0.921953	0.788132	0.661651	0.563357	0.473182	0.388754	0.336808	0.287747	0.244667	0.201974	0.164538	0.132650	0.110763	0.091485	0.072197	0.056848	0.046854	0.039343	0.030983	0.022148	0.013356
0.000000	0.000000	0.000000	0.000000	0.000000	0.000000	0.000000	0.000000	0.000000	0.000000	0.000000	0.000000	0.000000	0.000000	0.000000	0.000000	0.000000	1.786265	3.416771	3.932127	4.120891	4.735174	5.397290	5.599786	5.596580	5.511408	5.561932	5.683616	5.554732	5.318549	5.229254	5.231010	5.302891	5.439566	5.640370	6.410225	6.664100	6.728042	6.793897	6.970556	7.024844	7.103110	7.132655	7.102186	7.005248	6.782261	6.580001	6.349791	6.156571	5.991278	5.726360	5.404487	5.154190	5.007956	4.908688	4.713306	4.493461	4.386892	4.305528	4.266259	4.301160	3.254145	2.571441	2.231640	1.908259	1.785455	1.438894	1.229861	1.089572	0.943584	0.800651	0.684863	0.573455	0.479363	0.402560	0.344377	0.294546	0.250281	0.208188	0.166292	0.133524	0.114308	0.093799	0.074721	0.057925	0.048929	0.039559	0.031002	0.022170	0.013972
0.000000	0.000000	0.000000	0.000000	0.000000	0.000000	0.000000	0.000000	0.000000	0.000000	0.000000	0.000000	0.000000	0.000000	0.000000	0.000000	0.000000	1.819695	3.456999	3.958274	4.161274	4.774845	5.431518	5.631277	5.660819	5.555865	5.616369	5.719623	5.600006	5.368280	5.273330	5.266783	5.365528	5.487779	5.684531	6.445785	6.731027	6.778568	6.849450	7.024844	7.099550	7.162224	7.222284	7.200636	7.076442	6.844255	6.651666	6.441620	6.226093	6.063124	5.770651	5.474599	5.215841	5.045742	4.970351	4.781065	4.542685	4.443728	4.365634	4.314480	4.350406	3.291979	2.608646	2.260740	1.934046	1.791327	1.455908	1.251587	1.104253	0.951603	0.809074	0.690133	0.578090	0.488556	0.408943	0.348228	0.301372	0.252394	0.211055	0.170395	0.139139	0.114477	0.091966	0.075831	0.061798	0.049210	0.040748	0.032190	0.022314	0.013792
0.000000	0.000000	0.000000	0.000000	0.000000	0.000000	0.000000	0.000000	0.000000	0.000000	0.000000	0.000000	0.000000	0.000000	0.000000	0.000000	0.000000	1.832680	3.507096	4.014859	4.179185	4.808674	5.495659	5.679890	5.703781	5.614121	5.675799	5.789004	5.666126	5.411708	5.330698	5.314105	5.410861	5.549602	5.729294	6.510833	6.793626	6.860053	6.945691	7.103110	7.162224	7.232269	7.286694	7.265028	7.152282	6.916348	6.710527	6.473478	6.276810	6.126004	5.838345	5.519046	5.275286	5.112084	5.006181	4.812097	4.574108	4.496542	4.383008	4.365358	4.387126	3.329464	2.634133	2.275104	1.944315	1.819264	1.465564	1.266024	1.116354	0.963982	0.816365	0.697411	0.590209	0.494480	0.411230	0.351858	0.305218	0.253684	0.213008	0.172267	0.136991	0.117029	0.096998	0.075687	0.058589	0.050660	0.042521	0.032271	0.021862	0.013561
0.000000	0.000000	0.000000	0.000000	0.000000	0.000000	0.000000	0.000000	0.000000	0.000000	0.000000	0.000000	0.000000	0.000000	0.000000	0.000000	0.000000	1.834821	3.524293	4.032191	4.236187	4.838875	5.508588	5.717796	5.718922	5.652133	5.702809	5.823180	5.695349	5.424605	5.352340	5.345994	5.432595	5.568534	5.763206	6.539031	6.822377	6.887061	6.965398	7.132655	7.222284	7.286694	7.326572	7.294870	7.181130	6.948330	6.751722	6.507099	6.318986	6.153645	5.863825	5.553130	5.287383	5.121077	5.030848	4.817444	4.601386	4.516970	4.404435	4.383728	4.417886	3.337215	2.634590	2.280864	1.955107	1.829237	1.469497	1.268139	1.120516	0.965226	0.825793	0.694338	0.585489	0.493216	0.414272	0.355238	0.305785	0.256317	0.211685	0.175653	0.136629	0.116593	0.098375	0.075948	0.059717	0.048811	0.042100	0.031747	0.022249	0.013915
0.000000	0.000000	0.000000	0.000000	0.000000	0.000000	0.000000	0.000000	0.000000	0.000000	0.000000	0.000000	0.000000	0.000000	0.000000	0.000000	0.000000	1.830353	3.505066	4.037243	4.200691	4.829123	5.494058	5.675139	5.724069	5.602604	5.684298	5.795250	5.665824	5.425601	5.341619	5.312128	5.410500	5.555057	5.736963	6.529754	6.825879	6.851928	6.937764	7.102186	7.200636	7.265028	7.294870	7.276022	7.159240	6.947494	6.741471	6.507324	6.294903	6.121617	5.852180	5.534354	5.291042	5.107366	5.018329	4.836074	4.594956	4.483723	4.412922	4.380506	4.396264	3.319765	2.621923	2.286842	1.956460	1.817300	1.474319	1.265652	1.113509	0.970382	0.821220	0.693937	0.587335	0.488363	0.414498	0.352198	0.300692	0.259139	0.212619	0.172877	0.136696	0.117541	0.094061	0.075284	0.059709	0.048801	0.042017	0.032791	0.022494	0.013485
0.000000	0.000000	0.000000	0.000000	0.000000	0.000000	0.000000	0.000000	0.000000	0.000000	0.000000	0.000000	0.000000	0.000000	0.000000	0.000000	0.000000	1.812463	3.462054	3.972655	4.155376	4.742967	5.411295	5.607355	5.613296	5.537444	5.599576	5.717254	5.587189	5.329878	5.268682	5.245191	5.326720	5.477686	5.644645	6.424356	6.720917	6.767750	6.833050	7.005248	7.076442	7.152282	7.181130	7.159240	7.064968	6.846008	6.634957	6.397321	6.204125	6.027752	5.758707	5.454267	5.193151	5.049175	4.936499	4.744006	4.520353	4.416257	4.357837	4.294487	4.340035	3.277020	2.599658	2.265018	1.925540	1.789989	1.445454	1.241049	1.097694	0.959301	0.813688	0.691620	0.580548	0.489273	0.407901	0.345439	0.297433	0.250316	0.205811	0.172323	0.134424	0.117512	0.094357	0.073324	0.060501	0.049664	0.040511	0.032716	0.021995	0.013582
0.000000	0.000000	0.000000	0.000000	0.000000	0.000000	0.000000	0.000000	0.000000	0.000000	0.000000	0.000000	0.000000	0.000000	0.000000	0.000000	0.000000	1.753814	3.361286	3.869348	4.015065	4.616879	5.251300	5.417799	5.447953	5.372579	5.403714	5.511737	5.400301	5.170909	5.100638	5.078962	5.152864	5.294343	5.461973	6.242082	6.491171	6.546933	6.624442	6.782261	6.844255	6.916348	6.948330	6.947494	6.846008	6.630896	6.424376	6.201529	6.007399	5.861351	5.587973	5.291617	5.028120	4.889525	4.782394	4.605949	4.388062	4.293207	4.194194	4.178669	4.212361	3.176090	2.512548	2.182035	1.864978	1.747653	1.405032	1.207939	1.066534	0.924089	0.788005	0.667967	0.554833	0.471446	0.396815	0.333082	0.286388	0.245366	0.202398	0.164369	0.129065	0.112124	0.091323	0.072423	0.056491	0.048069	0.039521	0.031303	0.021289	0.013257
0.000000	0.000000	0.000000	0.000000	0.000000	0.000000	0.000000	0.000000	0.000000	0.000000	0.000000	0.000000	0.000000	0.000000	0.000000	0.000000	0.000000	1.706837	3.253268	3.745120	3.896580	4.474143	5.100501	5.265843	5.287716	5.206213	5.265886	5.369256	5.248715	5.023941	4.945029	4.932679	5.007887	5.124676	5.323363	6.037095	6.287552	6.363826	6.436353	6.580001	6.651666	6.710527	6.751722	6.741471	6.634957	6.424376	6.242051	6.027341	5.833267	5.692668	5.420683	5.136702	4.890976	4.753150	4.649232	4.467816	4.262890	4.177316	4.100573	4.050707	4.099850	3.103995	2.437963	2.120070	1.817623	1.689246	1.370830	1.174469	1.034761	0.894989	0.764064	0.651273	0.545164	0.455765	0.382088	0.327790	0.282644	0.237527	0.197107	0.159871	0.127734	0.109471	0.088950	0.070370	0.057082	0.045567	0.039604	0.029608	0.021079	0.012821
0.000000	0.000000	0.000000	0.000000	0.000000	0.000000	0.000000	0.000000	0.000000	0.000000	0.000000	0.000000	0.000000	0.000000	0.000000	0.000000	0.000000	1.649751	3.148189	3.618207	3.765083	4.322997	4.926234	5.086036	5.096231	5.022238	5.072802	5.193864	5.082566	4.844214	4.776867	4.764631	4.857839	4.964692	5.134144	5.836100	6.088368	6.136011	6.213529	6.349791	6.441620	6.473478	6.507099	6.507324	6.397321	6.201529	6.027341	5.827951	5.623386	5.487531	5.231187	4.953404	4.727404	4.562526	4.492913	4.334733	4.108105	4.027005	3.939611	3.920819	3.942809	2.980541	2.357241	2.040412	1.751890	1.640398	1.326557	1.122567	0.994213	0.872464	0.739746	0.629998	0.522305	0.445023	0.369456	0.314877	0.273346	0.227028	0.191650	0.155012	0.124431	0.103771	0.085825	0.067435	0.053579	0.045677	0.037912	0.029336	0.021033	0.012398
0.000000	0.000000	0.000000	0.000000	0.000000	0.000000	0.000000	0.000000	0.000000	0.000000	0.000000	0.000000	0.000000	0.000000	0.000000	0.000000	0.000000	1.588351	3.037993	3.487917	3.628223	4.179530	4.760152	4.915800	4.936210	4.856496	4.911144	5.009029	4.913434	4.703063	4.623131	4.616479	4.680382	4.810789	4.954175	5.653284	5.879320	5.949802	5.998075	6.156571	6.226093	6.276810	6.318986	6.294903	6.204125	6.007399	5.833267	5.623386	5.450692	5.300660	5.071825	4.808606	4.576523	4.441484	4.348449	4.174933	3.971318	3.907737	3.811423	3.786269	3.825181	2.885188	2.274051	1.978770	1.697899	1.585947	1.274250	1.091606	0.967232	0.839222	0.715814	0.602093	0.506571	0.428323	0.358370	0.306529	0.264623	0.219722	0.184666	0.149015	0.118907	0.100472	0.085396	0.065384	0.051314	0.042057	0.036348	0.028833	0.019619	0.012289
